	m6	Whl2l3	Whl3l2	Whl1l3	Whl3l1	Whl1l2	Whl2l1
0	0.1	0.0000000000000000000016861181587380846266676073873784829889728121784577111054945806376591193636760775	0.0000000000000000000016861721974606861464398917649471739675274818864720613839035218279775237258930892	1.3131336236878476993586575547527358567317043682684021052708363195800915448116155e-38	1.3033221815383273683314202415531200436649808173895184599365012410573820455269084e-38	1.9618716490232403353715972483075961835253829667989418106210177039075460549453706e-32	1.9619432448971871095673348658391932877323600978340175505350760329878688517120366e-32
1	0.14508287784959398	0.0000000000000000000016861181335278303516426930086178871662940886163407847728885052082241381871950828	0.0000000000000000000016861721786898452452655717008688623581639955734194771141892565261332371128621441	2.7815671724422649370767425169904570655177332078217543207494166425033391504044906e-38	2.7406567145192845934915546582551094279930160826203386581019254874384355114687718e-38	1.9617214917869716642396138189146403573940007282190105468208978461429372756899242e-32	1.9618269320181562232540985800128170671779947272268751070120139934752617162814039e-32
2	0.2104904144512021	0.0000000000000000000016861180968206480655597833775873128987127646804884081820323831809875763781681482	0.0000000000000000000016861721515668100955945239787465837277045547238311536260412072449280909927923656	5.8919994607609477859772594339452721386046816260688891634925653909754370364821811e-38	5.7631244230285230078135843373951772749009357670593397889917225884417867563441161e-38	1.9615029979051249803898905218058701254969461468265770813964729422716338731733249e-32	1.9616582893999297911698543359868173896829396863621024648013326244584538640709981e-32
3	0.30538555088334157	0.0000000000000000000016861180433907163228081274398760020236057521914145837779058689926524298573065666	0.0000000000000000000016861721123925163312237761332044409545863433058808048546523540227388136197796517	1.2480404724464207251682998019615157761438275813716669556792294643707444813008749e-37	1.2118859877576634862192366772677580846846968077064616123700708985611309730926392e-37	1.9611850772056439851126504033580591658541699317752849896483507974654142526901063e-32	1.9614137774988663425209705332279185456939075007220201025004152312287547278249714e-32
4	0.4430621457583881	0.0000000000000000000016861179656316638901015404273119802864711597030583193615233922237581977266090383	0.0000000000000000000016861720558249327175343655361694722120090918945627445509783421427148846213113632	2.6435555804517525759458685230479148437151976477509171546876260112569577828362684e-37	2.548391876451780877240414648583806257455951482525036186065468817249892920967024e-37	1.9607225038153769737616169548045017137067939319087113737314788960728601097301984e-32	1.9610592716789217891756228381227728497085283966550605858016252989668775390490859e-32
5	0.6428073117284322	0.0000000000000000000016861178524741282850433220688946222525491528988503255841168580998952673122273748	0.0000000000000000000016861719741515768995788156407655684715539346500813869712728966801646745868227118	5.5994337684778348321579530293521769692676444647162011016564263713083803047659776e-37	5.3588562742636332643393800749199119051616948317624141412772127664632312897353654e-37	1.9600494982581160034821651107421051031865797539133912825889057893219401264592345e-32	1.9605453058222578459810288993131338967848994880073389819984298760053830663635884e-32
6	0.9326033468832199	0.0000000000000000000016861176878098456020511830383927418173147611756027318415751631548860669899061618	0.0000000000000000000016861718562390594455172102976146570657280542963164016812675165342756274870282304	1.1860413007217078722254331167583351281441545532107260753383334664654602296903685e-36	1.1268890522415427954507125868410636748179359827795648500399838075374118474638566e-36	1.9590704053473259991577372386636621459948776430865356216182741837418501163473375e-32	1.959800180989130038386600973046606984452478192201243700281980811953852792053592e-32
7	1.3530477745798075	0.0000000000000000000016861174481982210095234221565901228271305868104896757640957880873538268956244769	0.0000000000000000000016861716860177446226831427071060595968741501498629772977634374414469373550711736	2.5122547782653585185672274137924694476003524435061539673983253856695595588014753e-36	2.3697195901883226385426310016758462253451756698745115234676395064105464164379045e-36	1.9576461638766103808995817847575909957086905399610695377575214844429676691299172e-32	1.9587199803754622182975264604962683431034262945519524780720557185899998740337259e-32
8	1.9630406500402715	0.0000000000000000000016861170995279006083464496441584785284869452492763425471217743944321654377943542	0.0000000000000000000016861714402963588635983009765873263454705402909829029958341915191448444512944038	5.3217154476265477424482728895322568674767048370138247629254344410831717782267726e-36	4.9834146044443328476643179618569923223693284321047627353032523048969132234616088e-36	1.9555746889604308544447537961626054508878782184938203681566934015481274961348008e-32	1.9571540944510645540304504443668698567899477554962756359052831933613799254306577e-32
9	2.848035868435802	0.0000000000000000000016861165921549399240146579027556891520503447563281309825161973191936449522736608	0.0000000000000000000016861710856109648108266217492481159927951901547598405422425574020054298712486323	1.1274439945776521776802475270021417579692789058333167679059845273308200628104463e-35	1.0480621315142706555798994047006706441784187445181694590970840302223322062449425e-35	1.9525624684115513903033595314950215301983767473110045581283135552921138368497304e-32	1.9548842026781484945642703288979982182145345028106566824860439541061763354021352e-32
10	4.132012400115339	0.0000000000000000000016861158538190802114098523991857885116722940145864055242148685232965097445107479	0.0000000000000000000016861705736838398562966256540373082154793185426912358379082086084138276994023298	2.389215629267117850586264442100976472216057587318373235012751564522967718545e-35	2.2044983291738576470969904383488885168449793210698642439820791232506876586885167e-35	1.9481835129663504216088744501445778095602531662368476056379705261409505409868698e-32	1.9515936211401227890216270414010907987970050012282650129267966127847437230701831e-32
11	5.994842503189412	0.0000000000000000000016861147793124371005762637992834942387831856978352909413286810114773678588033754	0.0000000000000000000016861698348754360372287233442696238120227271186154984534212703234509981448958189	5.0658903479640461417675918615663438305985393629572315582233556979724380680025531e-35	4.6383553998192408557618954694343080984499012595370512306464288276771144527550661e-35	1.941820158152986751099232397941123537834663049162161072475014016564977229469178e-32	1.9468221393658809751817254531579659849338438249063389177678571628263509753153678e-32
12	8.697490026177835	0.0000000000000000000016861132153959448767442511543688262824996026105050789467411378029933673220428727	0.0000000000000000000016861687687164445167710554059985690929035694295512159177623974812136477605417125	1.0753402026210357266994229581545680035195312123914627430768419731317079574897778e-34	9.765505233741613419758458151699165508781831297390018620455018080291972085127343e-35	1.9325778871904906943280347663907177517641959981882084869256787499589527587165445e-32	1.9398979625720773271851785084156952898148535822902266740057918432039053599545772e-32
13	12.61856883066021	0.0000000000000000000016861109387716242394414049116102278860870409298366304539212600073010720392594894	0.0000000000000000000016861672300856169896188851787135487513769506970042587215905148866962863336108552	2.2879281350896091716760220014460428569355756627214161541697256160120689480592123e-34	2.0587778789834154127056782304897130145154164527671302257759379144208003245016015e-34	1.9191630269566278135902614613390532651743590548792453868065904282901574908352242e-32	1.9298303809475887435343829221430301374208972031099600965227572424949373965720805e-32
14	18.307382802953697	0.0000000000000000000016861076240951704405182866396256624421418201857873287150120042179925186372393251	0.0000000000000000000016861650085042587833657468286004297797227942759983612262036124243119599433771847	4.8913528350268394747778397181904078299816071024789038292795697604604204993999894e-34	4.3527848394400026980348832469060938621955995338759585982200836084241333996749867e-34	1.899707701411687894495638387838840855296043299429336354468352360971390211580028e-32	1.9151261266929491574190775935145222901986153309634555478889458929801097522544348e-32
15	26.560877829466868	0.0000000000000000000016861027990591335573308927435508499371490974636728714016726705950109859666814178	0.0000000000000000000016861617951988709726371830057311680950314553554846521125434164837860503653050238	1.0561750117534078193631327728620517839187577784789880896373457413769204431418959e-33	9.2596582387600687785999095364922691992218810158750838939766170701871137922871133e-34	1.8715235035206334716622754679999519244121945335955446518030200991605272229244723e-32	1.8934344988946313255905315687528801411222488157382789612393099680445765181174955e-32
16	38.535285937105314	0.0000000000000000000016860957917465495288987462965684522018627392651448466287998051433374715800706344	0.000000000000000000001686157124071277178846584670441569740847990591943666802540836098713667543500764	2.3254186975748932984433576527116686552923080189324134186887183649946151699740057e-33	1.9963409994651935984004061763888591808016522296226581144260764422510410949915942e-33	1.8307893582048133418032358060987569443677159784259196471034797546739206581964149e-32	1.8607566999065627589002734043589764843434395330641857993381085117434664500314311e-32
17	55.90810182512229	0.0000000000000000000016860857405407700502889672926003085286684079751778107109750197189254060255810522	0.0000000000000000000016861502426916395217981728491239000126516286939720981104624454291572539416943863	5.2847727243269947324313051756800137016931786050048300420129302189843517399961642e-33	4.4344410930872137502547065133391121496970740495278040772370673974842676202522355e-33	1.7724034794490113940450748240988992912608129965290324831288400645711064726953659e-32	1.8094378023261669882325813931600401632731399707697100035286339413219906768545551e-32
18	81.11308307896873	0.0000000000000000000016860722068344720316119265434947812033425926408889324739639259899493132691235688	0.0000000000000000000016861397353087664449170447014301980918400124572103033228617843591426165359796001	1.2293122715947003710669393754429205958825309670590121338563055209941608292498016e-32	1.0572797114556028519483637651447633665322063884779576622997647396922223523340228e-32	1.6917156093569248363287805923932293657134856194835494578184902567713279137630958e-32	1.7224144365643771706135200928187478668390323540599941295298290817441784665843497e-32
19	117.68119524349991	0.0000000000000000000016861182350851418060547166938583534890275214181650835945312749864746556835849525	0.0000000000000000000016861308568342972077939733751587253507669061657598535389746002716576439194121097	1.7765084010681538767700077115121590376715984284416081939938024795045767047531523e-34	2.2415108952190867035820877132882649917601081535483124265760873072446359792097468e-32	1.8407956593973905643055444744688394267380479895646589874828806224804577007688782e-32	1.5896682301256933218782611726703749032236876351718886193976311104992497150919831e-32
20	170.7352647470692	0.0000000000000000000016861129330176580338459761822546052979284551423870154294288391266180964800533699	0.0000000000000000000016861014344574028139491954198983685233301248141018629993817990956632366398462189	3.5223820709043294253369413437043395328585839251344018094898897950593590752137641e-33	2.3808626716204105549689326394450267434439750078633305301857259068355382460077267e-32	1.8381832242985380373459156635357221875788585551405890996766438011585285561587939e-32	1.551160695587802159700559990547978346616741971380080411492823835959194776316101e-32
21	247.70763559917114	0.0000000000000000000016861113659783452205884350899361258161850128252523285781937760368731764051512376	0.0000000000000000000016860579073041979940410183465011692815320124872343378074150538329518772522788834	8.7738517750553761372595845560173429387872378126175382402565443706734441134683687e-33	5.2948062887962770415940086462926193426520875012181959361032022122368433198742929e-32	1.7948556406002264299170221726605217142475685550637960783999309078379605300463976e-32	1.3063367886187194005632696592930653217928201225163064693586972444876423571103954e-32
22	359.3813663804629	0.0000000000000000000016861126799613532090552561129724306229849140486650197900949020548227063670473597	0.0000000000000000000016859836857329779408393938399337031993969667859933516972222561764704680807826588	2.4050100532942590885577274068895736318904674492589827598270332466557372855219578e-32	1.3040733448549031945395478758956660371560160385959545077158633064881331676046892e-31	1.7763737090324343823641264888787256302262083829266183021994357322089845318158654e-32	9.3341450504624487623081084660181834376094577672588323204028562374474233538967229e-33
23	521.400828799969	0.0000000000000000000016861122499869107294955913984334992061092595771259131488975222094238862646670378	0.0000000000000000000016858787808085374454985441807250760885169486858440249251073512521489037818518026	5.5819547628077119621725240642870900638292143828656061219135460665159666724875767e-32	3.0953985012217310295281130136056208569712291320054164511459039381472180065180441e-31	1.7341742585691273859499892831684316347298910224518862095963455147664332154244912e-32	5.3134693646924106162984796112596068106685348103238845850301274264262738685516697e-33
24	756.463327554629	0.0000000000000000000016861090274309252433306168438845492536808370722927966721884913273441674787970324	0.0000000000000000000016857200425795485305827897307026695308536616944317544752086235258704458845567725	1.2480592242041491904218880649667973156939445707723810160133121931258436536604638e-31	7.3554382407711878516010577608259651412144794693946649577283983929094140396730207e-31	1.6743477336818869999238832965241476001297334425653223638449347963413690842791291e-32	1.5901757280533183886463468665167189706216024664609025810913903444224235716578397e-33
25	1097.4987654930567	0.0000000000000000000016861034236559081091463558517316885758772537002977055038231607658543162445787231	0.0000000000000000000016854769708479597266444125591378420794257748179716705615923043109539779860307266	2.6915144797570491593477874389662430787924027508361231479367690079827075462455321e-31	1.7380517064552326168607316174791402003698029210355450015374943033043690591215887e-30	1.6351354972091283012305559009466892603824579996332100821191850876104924865850662e-32	1.2766083325288928609875173776115477863404182314700113353925289947863148016271279e-33
26	1592.2827933410938	0.0000000000000000000016860940014558430293215794747241073637963491832525609978929155609733455041449737	0.0000000000000000000016851059457946489957975742544282809979135898086686335390278078662617765059361753	5.6821417626995664265024661632748826350616658001764200549457966457965146484430187e-31	4.0838448184644563319199123609842176995718298816675128957128621797021094049143028e-30	1.6858642820400146645760990204355912142747878834656253215478147597172175666147823e-32	1.3448809172625844440093877057697027409108210151039097018769012629757366211187689e-32
27	2310.129700083163	0.00000000000000000000168607844119092810161299106603921658269339013096151965315141493661491941465435	0.0000000000000000000016845411868620850255769477788050404955472406182610687591651416640155799514796933	1.1842243065110846904216640516072358970866417997888329724546582855726463113479952e-30	9.5442121781381744610231844188016879822563982827223576515896382926351701792893302e-30	1.9981609481445077345670134090642997773532124362077240502441418802718738008126251e-32	6.1504831008151551162769434061084659630266028192501714199960759160773084248810625e-32
28	3351.6026509388475	0.0000000000000000000016860531365207504035016257855367145775279682550935249453012577593017157415797269	0.0000000000000000000016836836266713020962410791920406848345937486813806961090127663366796151761521885	2.4504299974534913385833671232830142797103594312718607292457180333839974491544264e-30	2.2194556881369631515573713022059616895053477379873658845381748788877669092444954e-29	2.98128898233231228512311902062077815217778832081770574600890511835157385906371e-32	2.0305606378023446258479164173776226186325259011143544995685203813785237823229909e-31
29	4862.601580065353	0.000000000000000000001686012508718123408484383811100873390154355456044046045837383928842326570551329	0.0000000000000000000016823843173650649165829482110107755776391563526104998800271923310376140694014839	5.0526090700258715760477353228658325438937776526756427946783309868208861146552178e-30	5.1376616036970564249094703776160665284432370994102336209345695184964540824162383e-29	5.5836880867352568108760984976846472443196006910926422455639475039628796223365413e-32	5.7611663385594455709617962480625068296451693960812368493633939773582400873341174e-31
30	7054.8023107186455	0.0000000000000000000016859479558934759678395987155601622324770702644373405543688521271144831550949169	0.0000000000000000000016804197125221363760254709208580640157822637892234934910400225734893783653920059	1.0404385798781264120601401150747737106690102012636883334374728920181148782928149e-29	1.1843018875647851641955422380769081044649843765219214078056713581694501636542499e-28	1.196467321076505151129517381380044987624637928479923324590315235797315001539926e-31	1.5055301990382861709412419291731938415621858207396394183591705764196337980860392e-30
31	10235.31021899027	0.0000000000000000000016858462551505008016907842207975880635560775753638729452024277311049118134440449	0.0000000000000000000016774549509617261789588956136291062360095230040727275891286450642275611506873476	2.1424794649896990644431303344698754810292240674867811132963756985898017672584828e-29	2.7194822342193160886117188204144640458956072202018648228733242606825451446396176e-28	2.6984451922005910382044426592308596422804348309054697084012527370939688784077256e-31	3.7467419756549266240046646996096694444307471094042834778808680517782152668429268e-30
32	14849.682622544666	0.0000000000000000000016856871447661502788341389489381008491163280027258108430479587188154856339488858	0.0000000000000000000016729895333305295633869005469968676651807028467114838312950358917033230330437902	4.4152480725438860068823032982388086743294846713090557907679697467444029911742345e-29	6.222568559009834798307878022129098435221725475017270268226629568131110669945865e-28	6.1499167379283245455124533056983583555467944542802762433760608618553081400931584e-31	9.0415391349706609401731148083882470002611557501994946492938797028984119424109472e-30
33	21544.346900318866	0.0000000000000000000016854396794017930496471104931702101578370317252318486203364954329381002444617188	0.0000000000000000000016662773951650312704759976702021367386291505217278291340939351747786261055396915	9.1103814956239754844139313958360212503379568120917675492688100126363123289104841e-29	1.4191587090728148875535802779281863830992054261621198827751738224953902855433258e-27	1.396304055907583801577451624407550950485200318837339210483803853818296666092779e-30	2.1380101571829899815168681770581329864841796577525936478360258809555720999376738e-29
34	31257.158496882417	0.0000000000000000000016850567560823524017659744394129379118355577633580920563153522800373846176113396	0.0000000000000000000016562102638627138581175229462229241830219107615277724169488002686598915675982694	1.8827424217026785945558816188270331499581523953814593527668355013238162176670983e-28	3.2268249383059025773526491931657585004569970286885526863818497102107844419670064e-27	3.1477339216456326373918621956915504234631689190007920703900414837782519695292345e-30	4.9857622581963933139849530894493706385355659309808285396964224630321173843484742e-29
35	45348.78508128591	0.000000000000000000001684466928592606939130059774551278863125545673674184220495102021573637790502277	0.0000000000000000000016411495170940089468404191375181350032077925640078802955391903712802192405458698	3.8976823460272690390531549076319482925609772124278647072807095555633508251312323e-28	7.3163968038610113404251843449814301838369543881703659483806067764821577626583718e-27	7.0479546563152808386338432639416955352192232103559201765648637747309778113047744e-30	1.1512169293810646976197295958037531196038852105815065405012376860092966291126685e-28
36	65793.32246575682	0.0000000000000000000016835622348965215032488463115454271304927957799826418478300162497040162054420111	0.0000000000000000000016186884408861873498730404445523467405856745403376412887643406118627544961689316	8.0844015643948347293930860234983722963205263222969613311675429481218776659592009e-28	1.6545546966909713686187651206276412335404705098283226127391030293914654040306234e-26	1.5693314365801032600481782421609645660576046166481210413131593216869370387264042e-29	2.6388699065042482153475303948018727557133400311907620911495455578104891502949777e-28
37	95454.84566618348	0.0000000000000000000016821802303287880123620230018182078322246082991459671969051408224447131642415976	0.0000000000000000000015853265838892416714178364279395928881303333651921745728128616977782733681164209	1.6802179568755847840956576242014224695275515898956834567743604537909791357852896e-27	3.7325298358238435317955477668079152060711252148003433740435690450923946973567407e-26	3.4793362436931777046894032969489916390655311963854476701872773006150140272564274e-29	6.0153635711066183893814472267972975953703967751669127201143304680604988605550003e-28
38	138488.63713938746	0.0000000000000000000016800777453458962341323295836292153371433869262697471605530318668929011617298459	0.0000000000000000000015360480762016218941719056459754743434705108302048650092477468831877980869246282	3.499454014088555063961696201675419962634617263529152362081787091612190689212079e-27	8.4010325692837421361935158144585964459818677069726305604756727461980495396406343e-26	7.688646028396660989621321597261990988132010929036325264415808495886371421124823e-29	1.3651911433798952028830576745252758663442213468561131433603907599520439284491361e-27
39	200923.300256505	0.0000000000000000000016768931425004991060599352430922166963054668392243156995605572263126603428717409	0.0000000000000000000014638340490634581469567218153444086353839459828818143528686255376860372422547478	7.3044027172297822498406526748074029336984019619745306638003309588090384344598937e-27	0.00000000000000000000000018868257546694386950506050644061077147841928125256293686801908174976150146015863	1.6947500127632029668409795529361295270781267743548281176984460728742489096324212e-28	3.0871688633760886523717716876700522220178651844586591026925526951386241605734168e-27
40	291505.3062825182	0.0000000000000000000016720933079042804045111126065662399888773272874963280287308421955375260700873312	0.0000000000000000000013592472953196334211781600334753857885027639580246801232276810964840656634997889	1.5280749157142812978169382029302433590668484174255573669879347114000122934716589e-26	0.0000000000000000000000004229193391075486380431833791924853104244835584192691538154703935713479402051656	3.7282260519002176295161102395665417661564001335640855912676865152550984530166805e-28	6.9599748848229979136893529104120941552190618407280204580683467324396110188372192e-27
41	422924.28743895073	0.0000000000000000000016649020538898111246568379028362006425309077067806810311218280722274467126011287	0.0000000000000000000012105006434443467230706647150748391740685968152192067771587316820526745674213149	3.2040476453929060329854260627391029992035532156831853851139623836241637583958428e-26	0.00000000000000000000000094615392393179126299474302665655681854188005410550086161409343720598199604882766	8.188586536008854883881751866215380132254537175617998128518479591605796604983879e-28	1.5649928527545022309916692827650141767871905969356758686314812567822875850480203e-26
42	613590.7273413176	0.0000000000000000000016542099905157726461799079270901956798910264320995395226129627758622785166555396	0.0000000000000000000010050754488464226020482847887406457419891037890456106229026944700896025677495457	6.7337897153804446708484862311983365212440903552641582187299935095119034587423529e-26	0.0000000000000000000000021129634749278712743778543125902505204771354268375756047644271185486405644120156	1.7961617097134169856441696522657185363998917149421591641128093601322245295516567e-27	3.5107982808606119886608654424514352236371674445638562827595231160334657172892872e-26
43	890215.0854450393	0.0000000000000000000016384769201526425325552225665313820768706325729321156143293750915355009701162693	0.00000000000000000000073547772527444272365809620763784378246485590316604418107937626969160032333209596	0.00000000000000000000000014185060816131514166964371096946204501074219581180993596182759964303061217629241	0.0000000000000000000000047107670162994856918329284569152192323341787304928123143661511681362771061324399	3.9354703087823315622012925021696729506321689787672547303992959700251771438765939e-27	7.8593867378795672885030737474748683330181170224660990543877683182167708135573966e-26
44	1291549.6650148854	0.0000000000000000000016156672442813961419697509697327654111588168851090011897310248188986228546303895	0.0000000000000000000004151854663871383010109991075651811966484886831297073855212283346530503654304053	0.00000000000000000000000029951019726761661751272258478571338786790414567508982768684111799682930983271025	0.000000000000000000000010485778289819168745177171765618060570562358456979673619718448436425536977773838	8.6143693777734443391279379156909355397203006820882461520674605896437280025534162e-27	0.0000000000000000000000001756061575220142194881894521637579717619809644516250450263377681017601459158277
45	1873817.4228603868	0.0000000000000000000015833313321447502939523301418297213828071657312661488820096903578269862888858695	0.00000000000000000000011864190520746327508146547206293723728024647999021507389097121797374658894858939	0.00000000000000000000000063385723978450069608260348971190953322297293682357011339214624338651302874186662	0.00000000000000000000002330536636949691867341121601800954774658947700074494125266049566952763807897778	1.8839545805754367630117418784142629205142180092775244545867621929395564560427877e-26	0.00000000000000000000000039167253967919737766044880279852195258410023441035032713911627924581159407658885
46	2718588.242732946	0.0000000000000000000015391165054937136896750646290238603096513478001636244252222424815043019403416841	0.000000000000000000000076564646483403302903572378053600404600821746300647455770418600309834597261907821	0.0000000000000000000000013444808238607266480813868810430740783865844798822324316078643718982580405709982	0.000000000000000000000051723914784410046037801290246099581715783110392901885773234150757402652004404547	4.1169026274651369946521059384051379296914062922487367401820132922517445567841689e-26	0.00000000000000000000000087215173894677214736010425179785493324514051120842857412060367360545245148651145
47	3944206.059437664	0.0000000000000000000014823833496691006582973757432918106222328498385656450692062026765562362632993017	0.00000000000000000000089649891035088513992692041842824649839716717174428155610526689713693882340348052	0.000000000000000000000002858107463713169812554959471927800272740421422807006129660746826950364663880315	0.00000000000000000000011464059815575811565968111425976694969742082832867776324468994469754475586267157	8.9897861105916449156227197005296991244011855331422862083598879594086804402977623e-26	0.0000000000000000000000019390627905323562294290107635302026549844700925665846132980567954009007969317896
48	5722367.65935022	0.0000000000000000000014184896437111265879508124051415255331356057236951005294308195852213618163109629	0.0000000000000000000040640139750609885581686331828059611530048816388116679363832464693248141780467058	0.0000000000000000000000060888438304838054965049644035550390295059268241505037401682437791343618168287341	0.00000000000000000000025376177720947470194080331107375746684348130627818514197240882004909591153041309	0.0000000000000000000000001961673448091735809554459586812186484358705665185349169658525388664037626967941	0.0000000000000000000000043048895890891653200898547343982287717624081300866626095307823335731491435926407
49	8302175.681319752	0.0000000000000000000013692896347790169665052113310017412456970948928928541839733938255282612925318701	0.000000000000000000013068359174546433198191318097115079103034541611044029281845037322675568274007547	0.00000000000000000000001299839425087268368262791825443866833617014067750683575798510570393166662338114	0.00000000000000000000056102432786528766310909560951375257242537596009118296092593499025197399296294134	0.00000000000000000000000042777845177082101062551400637816815487376726456685357660407016457004682274828659	0.0000000000000000000000095441520499306439189959523002327906217394502130766801254444932164162506002623946
50	12045035.402587837	0.0000000000000000000013978148696381259136535563998140122431612636282328977892696642629204884161987613	0.000000000000000000035910835607367207219634218032545649191349858291696398042537812012761775680852441	0.000000000000000000000027803841286191625121119369491795479807476658218137667334414332446813077569299527	0.0000000000000000000012388822284431210573482223253662395835743944753213552656599450388556225748744347	0.00000000000000000000000093226531064340977047076645267984653397676882598506890035110605632823927524882192	0.00000000000000000000002113241466103327389279766346250607855155327291095504342190386941691306616343468
51	17475284.0000769	0.0000000000000000000016648959610640269223347976214072408608955159070028531624157890646745049858892127	0.000000000000000000090664157364266070209268346471940000766160761383779695259799583066634178858320395	0.000000000000000000000059585130178822934899959831864834410152657141260486864049891650442221098568631053	0.0000000000000000000027327165636950128482238768240629278851032600805219692741301956582192074936616618	0.0000000000000000000000020304872368623147960915441545457941080080417300559994007208394639541917976012935	0.000000000000000000000046733215653115253480758908245667258487294150188732950651261629630109797159255849
52	25353644.939701166	0.000000000000000000002557132041104556358381374296064740560022861312324640333834055304966216828287752	0.00000000000000000021774647188307215766988918439473437048934384939043962701184201712800064028645045	0.00000000000000000000012792153479977268093299106842025323239237720860884681115347758497502435509266148	0.0000000000000000000060213963684770497891198001574323573769182260481782990829014275203113709117086442	0.0000000000000000000000044198895363748605199600277372801730397010635812819016033358628601017890668314836	0.00000000000000000000010322689547307763831028889153413454892680659379216570381171773668253481045162961
53	36783797.71828634	0.0000000000000000000049733789997605129607700706719457241772529940544858127900143066986704951253441704	0.00000000000000000050694388150459304115644596417651132574326933844726222246528373149324471290876463	0.00000000000000000000027508979173578971762239051767683265749078414367836702915453040299986674133971671	0.000000000000000000013254345717627636569739471375957616932951009682975947758300238681129297869794591	0.000000000000000000000009615729161201090327798159504954397108126269414673019556338425347126668851117077	0.00000000000000000000022775847980126267834191844445434257234059904650460656458074086908792633144628935
54	53366992.31206323	0.000000000000000000010962187540605797581045997308018762350304906588490856513362700977078180463577562	0.0000000000000000011567768630398660300716820471811998486490866679281089251485270919353887055512211	0.00000000000000000000059249015557591069810354502715381313651724648137460105571467615285870806045106608	0.000000000000000000029147204015364233836934430982300726287927325547262418505454186265871151849858193	0.000000000000000000000020908415337196004186138762773435038507717763914075518433629945259170260235722957	0.00000000000000000000050198735781599947845015224347178871235330644497670823407635814315646777769086224
55	77426368.26811278	0.000000000000000000025134381170855514300758594558179281628841127711568873814217288708012336872007102	0.000000000000000002604707091217536479977862427704059633364660732380371128635297768070516296740644	0.0000000000000000000012779492649852397324120633650447067959801731409772400469637494946468150576270559	0.000000000000000000064036990234045506210884476328092461464308961256927553909173109843717195685749479	0.000000000000000000000045439745966591202408626505682405039344306634594220243121061735855328328732998032	0.0000000000000000000011052690915927088086274293239393881708475334153418247279108494447972747988419892
56	112332403.29780312	0.000000000000000000057784905335955577358981414525078486622631810384574020288944964469039461094722704	0.0000000000000000058123329992978326934787584790417367638611408792383015683595528807835524994660767	0.0000000000000000000027600799275581592675067091776377086235554822293087742646975959213560895901113908	0.00000000000000000014056496851025466660580446565639587545518486730938720055951198440391786031458475	0.000000000000000000000098703787123513419292824080814428968334794843421515861673398286927941758857282903	0.0000000000000000000024311927550812728236424910309617953846032048718249501175645260212366963544230849
57	162975083.46206468	0.00000000000000000013177950310660694461233017302102695829340988163698743582379165951673959532760241	0.000000000000000012889359968536540808726934637471728836359198126620288391683033486359311542371737	0.0000000000000000000059683657514980956995768579242373605727272969120421682715718442513710447084334836	0.00000000000000000030828416969717001745511696913839425642132979634755952221821932837150574552629915	0.00000000000000000000021429977116099016369198855232460648474744968896740737565924837363914634941557945	0.0000000000000000000053427486828699500429656844790957323525573395094340030919802521986796043569075372
58	236448941.26454073	0.00000000000000000029772678575152032429153173798214817459810011902684965479972723026288911918460381	0.000000000000000028457444106349225981518899775860099791512098532907743050855213794727705530094193	0.000000000000000000012920102980596111395500827388975684181833231367518283967763739248483420225024032	0.0000000000000000006755665156463343654141957476856453780529228426691644382408760091763311624718453	0.00000000000000000000046505681451311303728684735358745077418802716567186831953465090748266546114641646	0.000000000000000000011730616476270378619655171716194107034396326678265505903327005251345293319985562
59	343046928.6314926	0.00000000000000000066737234726244606991359371170187796298894865398447758689811238273422370620670093	0.000000000000000062628665445365074784057351792387991611383899877356317173857779573827937575453039	0.000000000000000000027996624619739887605199212220954738795304866071859220639499187035197924463041326	0.0000000000000000014792505914880940812390481642481284281858117995633752019026167342414426029021315	0.000000000000000000001008771590588953442618529068680250121880267164468437540786771595080285600636872	0.000000000000000000025733770206589041770419781460810061879722780151647641763810283222702345174165258
60	497702356.4332114	0.0000000000000000014870468782014344278029130071865341924323789123942258449810316139541315397622265	0.00000000000000013750512872147855517212207828590978794692932747048282353933723255721927526873165	0.000000000000000000060719555838123610386491984896643489870017827171791103672143488120316639159457549	0.0000000000000000032365724788457042086293862833144431417271965080115486061658193025792137471043937	0.0000000000000000000021871975531984265758966147673819661173333971987509087642216153936254525391696163	0.000000000000000000056406268163059706900533690962063743511808315520650130096327030534546605274142763
61	722080901.8385485	0.0000000000000000032991154395891921242271217904782860312070550456037122153233918327516339516726044	0.00000000000000030135224147386149456871179061691088342083422235900384448158087550856726921065089	0.00000000000000000013179250969728654622124271247581278118697835081537502107297863369165262801834577	0.0000000000000000070763839573105687649307986407929124416715051623611464081087535093221765070957173	0.0000000000000000000047402043005877291116419939592330589665304344355515323834433170943384558190252382	0.00000000000000000012353977689146707018429593420214870921178385099712587760262885289886492178098163
62	1047615752.7896662	0.0000000000000000072966862360546867293853225757237007299745796738896275447190412090080464298017783	0.00000000000000065948495302272658190303763967336013114711700746284076512052451023704411402597113	0.00000000000000000028625315692254682228000096164681554268419676009033236316188803138516864963638708	0.000000000000000015460795961906279050160322959178329137438100114777303429356683341352344708441799	0.000000000000000000010268932122410113946412932053802205098110872360751444418945175658069750268739732	0.00000000000000000027036802345531133440823708529894350373228689925915055175133762162240101555536985
63	1519911082.9529393	0.000000000000000016102560347713436880121537387901450215500250191433545874884772419276617191705932	0.0000000000000014415323622156816886765990253569677635129234813884424441107148286571193154168198	0.00000000000000000062211081508602918856871042584310775047076276513236838876274198847880228665381447	0.000000000000000033756564768056078238595828366948320346444061335591552150187115482226642676247901	0.000000000000000000022237079414229925101104121136750695708529379722000234352037686618205983641236971	0.00000000000000000059127053782113762636844959717430660009276288263858618605911541113014532526051042
64	2205130739.90305	0.000000000000000035479098267644907191516984361574402090169450503831516650804288359255938990025912	0.000000000000003147839672849927675917450929262655456223865694074300305179996614038563544495635	0.0000000000000000013527141183109390532154166960288191795417064941384816962546692079422978102335633	0.00000000000000007365495778603728208114860257733801901507044589903182902526533941454259309694766	0.00000000000000000004813481494964752461180980436730831231036770108562765327133073515530302097002589	0.0000000000000000012921508868571534193285238472198981824422791749827235179930785538219012612670257
65	3199267137.7973843	0.000000000000000078080041630857864650049768632765471592699562338813574686165531516841363107176467	0.0000000000000068679270159932914293454248287842751164933097757886863578233764224089648661047256	0.0000000000000000029425946093909807815011926232530113345600321754846416883984675952841390772854496	0.0000000000000001606108688416765356243821066860404552504580927849146672250317196854992260083832	0.00000000000000000010415368087584538171527299586433521720357165077023702340940316847002784833201233	0.0000000000000000028219642621866893238202060450889868835596701880450865717621748676131294241768784
66	4641588833.612792	0.0000000000000001716798964773605138760141435307140800425221122719426415493509270112771141105406	0.000000000000014972808915741810048471152853596337389356308896770781694674158624830188266960722	0.0000000000000000064033724744409552482273083575086967816656215341275594023409733680855690507328407	0.00000000000000035001818924873530783343969229517533553711557993710579111439379472043444544305302	0.0000000000000000002252828769507006084464200198103507755813282527894637974390921320276998547921625	0.0000000000000000061591440278376533411779885151502876074129948633774406496729621218176217935319193
67	6734150657.750829	0.00000000000000037721975748943838722588353077010700526724378524478313097015429418931164714398561	0.000000000000032619149128370930516150176899477517531518022671320575456515617283848966482977848	0.000000000000000013938344569509212188382002586031092745070282237941687991327367917284063952102182	0.00000000000000076237226171736974090453446349156033720803005333924575655641341330316954031300713	0.00000000000000000048710695795342563831932535479074209938885625099159590783649991172164545568189604	0.000000000000000013435349709011516770248382135266082938974342687452659542438298037491504838221428
68	9770099572.992287	0.0000000000000008283782680644851467205002790391901938047829467102385211783449464547087842409436	0.00000000000007101478292951142646212605875873277493029647377879156090877736308832388724568918	0.000000000000000030346615632334000819311088166242918192151820251331507477566803907239523988839863	0.0000000000000016597197566224419317304082989120362152029491293794962324709413108008073962581716	0.000000000000000001052852029946063481908707727511886514753604772226260332874412568665140923111222	0.000000000000000029294885380367379433969512235743226694650889701470068447656754710791224565598621
69	14174741629.268076	0.000000000000001818417926204681407253885337061012744529982959412574646834496555309094165806455	0.00000000000015449864753208127213004444672255240074122285068056650692310626346346353118108543	0.000000000000000066081634792886170434831025231440080505404193342766178344003134501795455673236339	0.0000000000000036121484639663944925429194707287123286158575326788567395695018304229773252093916	0.0000000000000000022748963705532690859163808385229063549507607353126880090092596026367471803517813	0.00000000000000006386778877425316800774856696194457418670488402655294090438819933024194838658806
70	20565123083.4866	0.0000000000000039922958852795393333637832680303791414251072969595908289901112939199248093149024	0.00000000000033578846487321846364803537905993592577773698455291693818735607156559132439534584	0.00000000000000014391292926818968162886763464797399810926286079875901741745043234204681441277272	0.0000000000000078652433996025071607453743784452870724619618161209775508101972682131844032440171	0.0000000000000000049137565296325904927613885830601431277734618378378546049472629847965468009498835	0.00000000000000013942264472333987427374634357897567559116903858617738354381330982953614190246984
71	29836472402.833466	0.0000000000000088455706749759596610632128736559665691352109883553888876933242326919187632382114	0.00000000000074220887687625738656145092689604969161001329280105933409568077184447663233021375	0.00000000000000031343326212243117116212936367601905322862697165831843696872340040275350082157328	0.000000000000017441504326884688419927603047717998183248804015987322127468485145442375464246074	0.000000000000000010608869597619232102272186636126802196850621801687529196240119284282521090995677	0.00000000000000029872323546211610988002659050308745458259963014827226044036241790327536783447437
72	43287612810.83061	0.000000000000019361444219058188473261931833058768629797124510046199464841852449547921613630635	0.0000000000016141573121994448753922893163560074957235019097215286623544377008606698567600015	0.00000000000000068265197719191618315213747992608016131952781637372101388291134131584394531249304	0.000000000000037817906078803825432201837861323792939352108205403047596032270227958159887307171	0.000000000000000022899687193297676787305136576067717683339189237565968822536534182678089816911659	0.00000000000000064943519191008551693732101588771728351597446866790617694606137933026287755439744
73	62802914418.34272	0.000000000000042400389298031807287188890136983501904117968509746159773470606949941108258033429	0.0000000000035146250350375152968189134089586781879688366610183069295993102286998841323666172	0.000000000000001486773919413766922185134585849839716631293560486228231847693532132649594848481	0.000000000000082338473631570819135513709836789668085453348631916739669625520955657739738396879	0.000000000000000049414423413213336485856164504667586761989629767998984391759880058231691675802921	0.0000000000000014152702790632526314581755161237822752223855533613803171774397946676142765080067
74	91116275611.54906	0.00000000000009417898812968988890530419354972141806650822861226160872286308499371333553848475	0.0000000000073432430524881806069227745656234205403126057273682137339120323401952916146992236	0.0000000000000032379197095210392182279390748589649307816736439309910288800122533705541459249084	0.00000000000017967030059886739202463735407334512917815818587938840688015624114556879346008913	0.00000000000000010660390945968116307035434316025122576520803111932017889655334740601588891862373	0.0000000000000029011283503174444688028437398406080232712486971894223844388878900681090817696151
75	132194114846.60341	0.00000000000020552206200300834367349558738342445472425259687814596922664632536662871461635982	0.000000000015906367386250530622861801256995310003506404091816263578004110526518182487347488	0.0000000000000070509710831440915580434349528394814548851075809609142377306197875069397639960082	0.0000000000003888044855753315701364518185081283417768382154526543645212657662631243374443155	0.00000000000000022990275554489647866578019189714897591145154194339486082713741871223661526100889	0.0000000000000062236895273046279395072736423291317670909983372946014722688616095733631422813614
76	191791026167.24927	0.00000000000044858980428239754533034026637918538351782197753067335303476744356025990924119056	0.000000000034465165358623613912882399285725351998302530404569880937432582323938865835922402	0.000000000000015352567748568952177204598793139761292368818807221213400495273164415137777109937	0.00000000000084127925045422822869916724294364812951760600125935682366858676651449625778741089	0.00000000000000049566582100766736614459781577517615423228218835044837420851620788366096709952547	0.000000000000013396501304159852894732646153610632160232267346389747083982010979960609442793716
77	278255940220.7126	0.00000000000097892415629500899130196112300853300945756349163494599704466167208250489695496507	0.000000000074660637145656382629663124970479048111019736358657820715844930808895682005537042	0.000000000000033423446457759694352285214713343929453434142128253186773360023742860349460289162	0.0000000000018198093357482919933980526389273375499783103664771219586079071146013732784446737	0.0000000000000010683436922347321526990597939834486057829474918413719882902514062788021367856059	0.00000000000002885858817761471182343313280642570179481004323954214637453293286089613830098918
78	403701725859.6566	0.0000000000021355702649312244314587015240441313574929660183044291510961930409514492489805655	0.00000000016168081660746913144510829034489642446355430374583012346845800706481484188815134	0.000000000000072752796770950472276656813577078033378749184454243420436247138261528498082415944	0.0000000000039352390847043873459461556912152602026993122619428316512458336772930491209082745	0.0000000000000023020416635375703626618093810046075352123257490712871502070856809834004540342862	0.000000000000062177604254129090621616006906267229298801625328041720951256501126642591160271165
79	585702081805.6674	0.000000000004657225607295532239569406334233173525261328382642050682540510238667865296715565	0.00000000034999974456536518938585894603673460023305260627605600382649112100440141896054281	0.00000000000015833163366059776226705601604902038181381393920511107110784329228557851867597436	0.0000000000085069081625636097115891543845719149497375962480801032569160745099963386750678815	0.0000000000000049590480797455871475754585700103186561260597047788383856795522763161435805953007	0.00000000000013395958498953711665735566401887278980600175538552297547401540563615989178620496
80	849753435908.6473	0.000000000010152704387249370000057534996000264543847298494279684945624796706502492810782608	0.00000000075738511386432586842114500108567480190710869026032154385813272505591259677851227	0.00000000000034450660844311314136663619249916250417009187616717664174703763135583655079705892	0.000000000018383494935693977774090352960154820463538230089218841743468859084243949030374134	0.00000000000001067994635956667730964653838733740947996770300820913366325826747616953189131344	0.00000000000028857318183765740602143360824974566802589669708627038822710092138747116024989854
81	1232846739442.0684	0.000000000022124502916108754335203487126624468592593200193047404055072246369796152149996985	0.000000001638350762310519317323886597960264936673639336494663726176312441176062120070278	0.00000000000074943258073136559264188193997454189648158936891546664795839909875171322295477586	0.00000000003971386872880345387665888136044202943082887282647420634530406344877733476651792	0.000000000000022994713484186164063636643492919641922779631968038212651283042672614527061207387	0.000000000000621532731249333494463579432988113550955909175520370440451899042558838192579193
82	1788649529057.4424	0.000000000048194861142800367685772515248484088635390195099698780300116139095970210817849562	0.0000000035427534611004624756653931074351823576284333088024708905508364707573126452406661	0.0000000000016299222352498471184940335476572250021407783166226377988846024041618837742809363	0.000000000085766334655281732871194342035295321722951445717708685791429856061719308612695429	0.000000000000049496853290854817494069007141048587345318023054821267964693080692720822894773429	0.0000000000013384152915845859901330008931472031817043565772760430099797409416757258731907142
83	2595024211399.7427	0.00000000010494518458095629183507091532666406745862756572046597638404669207601443052649102	0.0000000076581228516962354677458599414669765894950233713315214911225049381732029199201071	0.000000000003544014145458806780231899852202068222294743335846352527280609610005165668379288	0.00000000018516335825234946522212192382915148570641275596365436812089960401214016982737402	0.00000000000010651731946606157482235084535782870008892249340595201086884824537035308452286409	0.0000000000028816011740360011633024492205082254226958415995814399132804184347869265566407584
84	3764935806792.471	0.00000000022843290137868344382164539079262217377804192017109128071793598915590638150235188	0.000000016548350181530405194099310724710025096371071815311732514474611745079448029941326	0.0000000000077039582302750174709879957454980304538262197262670449447297568398434697404963458	0.00000000039963162830125234684345869086074155607685533385692237546836613291419229192597922	0.00000000000022917024865446780978607707560136454205978426428938520910960255260765634169019329	0.0000000000062028625131243364579988308353399605920604090049769851785371404442911279847130975
85	5462277217684.359	0.00000000049703777574251850486654169782522694278316828970815678932367109898902477182753089	0.000000035747171186192665166421226769628055098624765880071095731395332881151488611787908	0.000000000016742434785002630384281615574736649069311450963371765818323736151116392680326465	0.00000000086225216186532642915324061547381553524476563049853178613767465106249412461642059	0.00000000000049293976557117436881076133662614571778439887744907828961591976035593670697988385	0.00000000001334952614292461151380248073804790067354944186172474835604173069301064699760771
86	7924828983539.186	0.0000000010810737810410921346717007977213909917103552840160145951287692874119013402721449	0.000000077194582250621968695204707611299550757263244045399293702986843473247624537645472	0.00000000003637528770872470946125829911528220871400009837213104906864056412379759725677317	0.0000000018598646083060968669384600580777989546680534140479510965637728353937744929232564	0.0000000000010600570898995508346036077947440666347716962754090222289399508579417905910396985	0.000000000028724699774298080607339717202702312032143354523171136483897477809046960674954245
87	11497569953977.404	0.0000000023504842739396837832210315313177139327964904620742448608106506611123837814072216	0.00000016664549781102506589618560476462559901924178476884054837902164619750479356545096	0.000000000079008681434243794236345277474560701143124209886951024245818679312352006308343152	0.000000004010549204044947368367321379059263839797916878956188255559549034005214443347469	0.0000000000022791165872529228555161016248576742224724569842967530551680208545831203841117258	0.000000000061796210607163877237196938453683302547796442277635576721486634701836955537509175
88	16681005372000.625	0.0000000051085372454291465469397495988349510132695373661759572110174180827199364171258315	0.00000035963778853331502342865235032273751416806024713521748178000108896946346471326627	0.00000000017156221941646742619944798120801439702336013807628872880602050538124268181665525	0.0000000086457892061290301451587806423021193659241145684871579474210533412792303302999264	0.000000000004899003536809572648784065656578777466808988357998733153212044345216056720072675	0.00000000013291859285171821411794745094809609145624505033371256503540763858968948676515663
89	24201282647943.934	0.000000011098755970005528932836952721625304680209877576301514608480696371031939601710388	0.00000077589911331959953359763501415501480649276755216186163124712670321806226765597564	0.00000000037243055281799845418760127438252695321572998085162938858889091834081269565474357	0.000000018633155989001473448913710180512711606879611272268288876745736317791795256481045	0.000000000010528217878068320985942900459073547350530438972581714518471102073081263344284477	0.00000000028584333160031085381082118394656692690116193513216102217205901697534017528164427
90	35111917342151.418	0.000000024104163500318046232289132579181093067377231286449055495630952057870444618128856	0.0000016734645583589574411231715302077007813471105240438998608195010276436312470010777	0.00000000080824769703582859083274249842671017627232161319175791126959732886348626238938408	0.000000040146880269779909308182943918467337630342637079010823890894272214903105010066211	0.000000000022620895333748883558421701620649085719995157887106591783274043437315800736172445	0.00000000061459603899448921362288805986518915760573651646783952402845267757240336437768681
91	50941380148163.86	0.000000052330091818467643253285465937543314626887063292567883702213471537766480701640934	0.0000036082957276821564250071582003076374228488212348854645194105261086912787268790389	0.0000000017535503923279148646209639475895966450815876768077611557933339821330487261935924	0.000000086477541147676003946986433191029819854184980800880129054153604594131753212837422	0.000000000048593075873010104403499185413497125752144411152869685944762535597636088655505691	0.0000000013212096785185824866756870445834622969232991506146177307269749799881694714523973
92	73907220335258.05	0.00000011356758016163731521707492692337003178342878921836151411236066611116017716885563	0.0000077779470631768879030328579604140830817091693432162953113972888404221682236679123	0.0000000038033474187823764235646485640460425547128508154911567807454464183255726069216065	0.00000018622735310770261429007313633437502959592854276767166609824933941325852392969987	0.0000000001043639396342246729221817716257276332716783635894057881038260373954897153437368	0.0000000028397164458418500110591367063565475206973145599620409190365253603585387875793617
93	107226722201032.53	0.00000024637836459160302430565236186592850960769403508546961516986493668542781081242585	0.000016761308097493298464343456205737532629376318203558957481235840213000546216484836	0.0000000082468362528339412448377742142956768377949837432665514172518978105739857097900955	0.00000040093558292939291855270409627255332651918624927625851745631523039032570840055256	0.00000000022409891997584605826691344366947735049648156030898096791907843914591797864742477	0.0000000061023961014780620395917482102628173456319221808210563179712072062627947594068564
94	155567614393047.88	0.00000053431582669950957243396007613968891960035465457851030173891136664339279988486549	0.000036110509788406529770609440071210692547794125791691917589915329985302286213015254	0.000000017876496370022783033702049676267891569618150662135340094245004821621715477006003	0.00000086297662884195947213596555474389510315359838444168352963926816197595379886237882	0.00000000048110957762448984707303330440979726818269387856159256938156305312581084550958609	0.000000013111396395083790448624355930301257187143943426541849519691837393250445549444352
95	225701971963392.62	0.0000011583580268954888889167057517705801898068359008581524389474210174836824011795747	0.000077775845676829845179199934717994133430328582267634310876005266091128529011743183	0.000000038739257374830260100579744390052315734395419109270761543518620781657112252033744	0.0000018570303794791712432237421973486356509332874095032597443831170390153204899242657	0.0000000010326778027655788972499071805028149659651411450284022938728792625688107802449123	0.000000028165767169405145102556926386090665789301865396185445874379613962633364776914223
96	327454916287773.2	0.000002510376869688946899377593486290744132289331496555047138578878732235707490097567	0.0001674726176195058597547711956891899019482397134272416646285043183074057665316518	0.000000083925716837523508390797944806889380014078560226516690761068022020081250089231696	0.0000039951830583322111266784003745324871149310343506035628604977374745920726916964559	0.0000000022161746754074565855626159394489742637609683738981558307378259124693713481647993	0.000000060494969232637756429163914286224444214475321881105842863968949939470085682964887
97	475081016210281.25	0.0000054386287265657137026191877720728342120659662774651130587783811537048279785967523	0.0003605233795753707295257049299122009021307634103426124149860710934193600846360832	0.00000018176202511344188242530023329263542914390192315535635346683095964187369798995138	0.0000085931891256273619496135304024293552799099566520638125213236962806743300616195754	0.0000000047551189321277519162333953562056132128156395078554040606797701414718852639152169	0.00000012991005275870263532471971055849941761254555343527182244387767029767442183002734
98	689261210434970.9	0.000011778582262404234277633009016058730092392494197845389988486781271077560503743093	0.00077591725299591353152205888022771623716754034409435651765101507261856815842297832	0.00000039356650086655210627941699735633128277716554061203884338894327377823770967410691	0.000018478782332119796820973877449088777645484469687405087114776015640946239417123821	0.000000010201044967893689502862308008750090270315573584838622617778140236239236691019699	0.00000027892895401894250241937530709633177104168968356976740513827345496554408896920715
99	1000000000000000.0	0.000025500311704057989797644394415785474560463787998273069302644021221857305239974917	0.0016695171912258437664364143419788411464575112507164529084180334336841144246875176	0.0000008521546113735513821089273261478301352341773961483755532356486414946277317558988	0.00003972776080223336994645399159748640679579307113441900195031202374744840055002835	0.000000021880999174321013525643298192026293590518577454528165427180868499725939481013239	0.00000059878907441944159112918669605789740161144607315300989173125555244310887423090296
