	m6	Whl2l3	Whl3l2	Whl1l3	Whl3l1	Whl1l2	Whl2l1
0	0.1	1.4453425664191673909102912327786615634076148154506458719616248902756704205284041e-30	1.4453425664191633047635453736303235514065723504802097450283996921981303771486539e-30	2.0076863779231694099072990250243772497740034622186972319225277109261457625316984e-33	2.0076863779231014441724214577608412296405332446487773331414226381324068495688736e-33	1.2221136728730009684860132120714947558563750287437133120574471929339463470089183e-33	1.222113672873000218528110129739427508640312590436803724385673893498224436484884e-33
1	0.14508287784959396764504968755324046378427507635654563276647814584390675009297793	6.8654288406278798322239798025669264160602584379869729175003699744051537207559728e-31	6.8654288406276987906505330383718871563217550276681698916892992077755665425640264e-31	9.5421512865726274146782439245509423266060280413537971255799062382778184027704152e-34	9.5421512865696161121060053875598903449247606417356741276180084811328310388119826e-34	5.8056107093202080704266023644103862296702606477432125816853798937033383633561054e-34	5.8056107093201748426454560803616581697457757477227986851679252452603695625082374e-34
2	0.21049041445120203937387356815208169654299148949741970354701216050135377514343165	3.260515812948281926635749319266386869914956258715733582955859210445612932558136e-31	3.2605158129474798010862442516372593994012816118928868448686640236084497119444086e-31	4.5373111262100342457433291298116204063283148217918492581636947236734029450415769e-34	4.5373111261966923213438780667464022317648475147605084115733649895485057889796843e-34	2.7577161095460363981461466801541026937890780107162196004538326909565457487195204e-34	2.7577161095458891785627122121284262455761171851689999924061995895612233175900849e-34
3	0.30538555088334154345476500526598993781276221506708185710926397704821180169535223	1.5478904595732217952036481079394364154532318517894855129777624851341997038847631e-31	1.5478904595696678910801431142425560956695359038014436186729374962815131533732573e-31	2.1596106023218944624212171563228489180163502177441184369504340497745124587667684e-34	2.1596106022627816082039017434874100901809184334143157257973700109562064629070645e-34	1.3097192918916722256283365033896025350903902091258704301559664804001537734743523e-34	1.3097192918910199526586453516134072386261083286461592174400379326111661729789406e-34
4	0.44306214575838804334485176623120336230944186957900350155673256779767858017574538	7.3425543454437228711238257130247779795216384501005428019578956109146640727780523e-32	7.3425543452862638162750719333303815105824804979103892330788322896977117635921464e-32	1.0300189897220488095863405627752210483616795221636523233332272479724046228593213e-34	1.0300189894601436433387149635194563830133389076550017211410418477510501401467035e-34	6.2180359326843959166243912523335450051162423720400089900313366414689763748320433e-35	6.2180359326554962894586235722129146758249369892893727856429314485480199059664391e-35
5	0.64280731172843210539070017342191484064017644768957098083691682137880098468284206	3.4771445207285205301277497026436880940620747171783380343852382858968515592797333e-32	3.4771445200308882386515890778774523590284957841739709205485022042203214081149045e-32	4.9339014375482155387319174059385139503491494472732018500882286886721696474365979e-35	4.9339014259443302568993713431434260114244038143738004045847544187568820331155932e-35	2.9498812508204691092137920444128235529142839657951303960694096230418341523677198e-35	2.9498812506924269107675934041114139270439277563008498310477835640717818130534629e-35
6	0.93260334688321986951856904900860959021768936329532855825067494399738819905957103	1.6407945528074762193799635781255996096315046956478158889043902288691361036243429e-32	1.6407945497166171924059446667197185977924384443586550520960814440661135055304506e-32	2.3848739968475067626383939573348271781603167135608735229102173884593512088739287e-35	2.3848739454364006211275294969461135029995055684685560392136937718183055684296248e-35	1.3972478357100054305205533050186710289464583996996473927663398725609802605030081e-35	1.3972478351427092687797349447425224004430728518807399077220952190372875055700958e-35
7	1.35304777457980699410885954748953846170789002407826848599162803796495080851605	7.6844897211207976099563949728534555548524323191472295609054392523370913621025688e-33	7.6844895841845148871260242644602945776968024835363947852518065853347022640150925e-33	1.1747084729865133464661655792773473136580653405973826461793862716549139838329655e-35	1.1747082452156455299908499686270305516010277780795508847033883039346848486927048e-35	6.5963173630995577851031594856110072264085394957414641756427984295269145359941921e-36	6.5963173379657775830543142553266515226642915473691254242822319492318534193002553e-36
8	1.963040650040270920285984207953038166253412846035027681575896693716236399795955	3.5416169605082836414816388988242742789004403327332289527101931558447116613999006e-33	3.541616353869876722058870865745668287652562262003576840587490226981937191580276e-33	6.0152384553089520654446518107625174265119432895638867751732803331814811087674884e-36	6.0152283647894391337776731880006818786358636137593328406627954438048072222371334e-36	3.092274131158323876826621153975346781876271354954079471159210113311399996532863e-36	3.0922740198090601640162063218410659169010573131650073242035206981836096490588833e-36
9	2.8480358684358016549075949054968996996636446425400303121158259630624213538858219	1.5765649766957956505024224476376887844198753254718440081959148901268654844089956e-33	1.5765622896047225451236461090547286599278488160379116684615642106548387542998484e-33	3.3288326141396758790044335897145685623819661057135457377227992854208541129488132e-36	3.3287879175494334283336357181082142543872575827493572395972477985551122928272765e-36	1.4280747166074169997068032131221155819645990133382303080581012320990637482046976e-36	1.4280742233449347628872464764458314566739140369707933391396177323044954062293694e-36
10	4.1320124001153368735514249793307761901763826831817145623147608567635586297477727	6.4975035340822311395134035338905646005175399594072065511713556317455667538311497e-34	6.497384543972485449757260282810304024725088574890435520412861103246416695748772e-34	2.1302347095359738113787186950927940169086138336164529998862566096655662112062928e-36	2.1300367754791902330126766104774701857659510250779962194128953890053389137171295e-36	6.3855283738906946847956060563707723389960492876591343588297170731440141882377046e-37	6.3855065271270414553917499649311050881573934667774804565722232938313263532349259e-37
11	5.9948425031894101481155956305342034179250571298259272789113359279672570182983458	2.23964643897668765843936494244900579832841981746991027581934673938814253645777e-34	2.2391198423576530155980440339250723336613313360038900077513423303190143457197465e-34	1.7267905684674248980678155996842311197935735029447661630712257582047898631724351e-36	1.7259145264842053273508242619336370223330278673167247853093694881863880755641758e-36	2.6590759233904904913070929978537260452929885122204599897420543593401395818573202e-37	2.6589792016722955380222464019788426191188500000206150804590988819171135898091428e-37
12	8.697490026177833279134791463873327096240032800737822960756655913675582913728946	5.322111528154846761352449987014417355631524243364148225099432117106712438100567e-35	5.2988362890702024737292934277988997156858759388346542966084709070432029950048608e-35	1.8954636315817246738670826838515113862622856632558661028153362192828620164844661e-36	1.8915908817864227062483705179151640501612938314353568250424191001240539991344336e-36	9.4298294561233950466481380814971349362602315061895301610459171457561293077000053e-38	9.4255508932069510369969000080331842103186096526840166002631488177453820064069594e-38
13	12.61856883066020425656892063341966245080249117146587318584656493321806341162119	4.1372986316745951099436685255578187203699883437096927339564589479612792710510791e-35	4.0346991772176305255818238737144035686786265553794683359820444813633897918542693e-35	2.7763260438270983296755310860241145688355458518911204729870525814719783480097542e-36	2.7592480794230294149026744222498666592190871610771532752358545682504884378788513e-36	2.4990324471268480363506560593597010372712701346101734150539382493204013721050907e-38	2.4801392726648419573642613928406990017131580787737014071530282016255878640347727e-38
14	18.307382802953682017934231992362856978105591555719138749783053561696883939304496	1.902011582477994940834734305481390450919596835554538522630786147798529811496485e-34	1.8570418462997766304524769671497173828408567666147309111073046841472863840239321e-34	5.0305977693242587600836632252702456570268835331462668763884229912800595699737542e-36	4.9556837180462074633187511406463566421729794610264629935527934374731383173023684e-36	2.0069677779283217583907709784574075466803645827409937494648871252311165102450072e-38	1.923851754651622319445450870433269006107590950791251253926566488416800825567193e-38
15	26.560877829466862776632335540735948355613201822637655985153143160500474285443299	6.1144571410822485856821854771902836230310546262637133447575810663368375918823996e-34	5.9197507369623820153714992977070056701704360498025524440109912234731210602795855e-34	1.0465371035836625743382205277493443432006521413429124012775456920867954946611364e-35	1.014045033917679090855146841308173356222088414814750198722769535158888236510771e-35	8.3310694805855804539855216123323175668715319255805607484254672370023899402815835e-38	7.9683416584651217147006219610472511549819393124524843613649337041865958553532847e-38
16	38.535285937105294070702149979604145171150825306967036808584949878257488105734519	1.6216229558514926345128684044876971691841445688919828731286623488755454146579942e-33	1.5395567900094392707540248917619078839113306544455822940860949844315432975821441e-33	2.3787165771244748260974336482704617058441836661157455914765054958842847755259471e-35	2.2412453849599686667040179776569721544023927509542680642874053214603106641630044e-35	2.7042388360102994446343397823057747097290841052314372897110579135796331524059199e-37	2.5486885422387284678471280921037393938618577641558980018959666710752496147950644e-37
17	55.908101825122235893502827688604298694102377288028055241742113811755967334254924	4.0100859094439445736445877798020636333907246733303271690580560104766276142990253e-33	3.6850374635065549550890919080257067717041241059863277733079060976087543672014353e-33	5.7289745085933697001421687801165931013335610889042972218659960382553931144698441e-35	5.1797104122993758723402191790614187158124174160481131252327128122296749880681944e-35	7.4338397568607537657656593390151531483763904148066065459674188822194905527511319e-37	6.7929311046831960094790860039709138985997861719363598849859554579782927788226546e-37
18	81.113083078968709132111001153586798536597486295750553638690000630808404534757743	9.7910894438380345973898262133564582471191331066587169218565250927470959261065246e-33	8.6975220852925532212834132741187260923024448344618034599844819832064627333794872e-33	1.4343213289573112750270821502545732339718827842627486328678033670277105025352939e-34	1.2453309743695139715472303723896197933359919865858783029498074186782576690195358e-34	1.9233989812205762267584981859955946060533855825652162497957483715162511815579618e-36	1.6849763687152123103561408233794504997624303382926594135784755393463244833331174e-36
19	117.68119524349984594846405887700805965369664121705451917686032322074785817618621	2.4526876154143892548357666874093066304722588202792436620936051902048273055479852e-32	2.2627037836516089290176214657022623829169609500239553258344117293807012967283481e-32	3.6292381057313804697523023942677868524234290202456928128210015382560491074507286e-34	3.2710512070338887732177749145188342532063451114252166102603357329230307688788743e-34	4.8183935889338462890998845185907772304347095903094418859060725063604934854238808e-36	4.2178215610377299510457673066142862146165251725274766189496042767920283181346545e-36
20	170.73526474706906783396742698929639233791415092809773592302222965881676265711014	6.0719151255437317172117220989062153833535394328056327940595499101146341313396686e-32	6.0696761285713414242198182297784269582188795689822392991347429305210364254223044e-32	8.9595561597644374112566507951859511946765509128767150144218176168256289812804488e-34	8.7405517852337603426467970016737403775993156292185776475364049562061608598885002e-34	1.0684043713433013712468656583523217504589151268134169306458216866477016346122412e-35	1.0648217212787429422372270700037190479750067123642779172678752547536299840795274e-35
21	247.70763559917108672450542775363745877406468226163691277145225546281910753283449	1.5315632173356314325722991636633249596266700290755308277028878203368954303429671e-31	1.531226644030691497692221424353964922909360389479341669484784729752619121059739e-31	2.1507877690869772779256159479633144196668950555201653013432373958866885074283639e-33	2.1176957619328703642191266532497589999061606662465089476585084747942101053265276e-33	2.7272400112420423295369765976646847505616312741902631864453737128949474496542157e-35	2.7221350670203140517215207795271099858574241451724706384035594226259589360568589e-35
22	359.38136638046273021881672290384226365038645027868497595318966414389037322709995	3.7669410906464900260430973332996531175625191071509686355885272003092022765480092e-31	3.7669396249736045346181367063673624702462514868757639575624267439168195895311606e-31	5.0774595560168445795697092222604372903979896836312453430622847203768343386454228e-33	5.0771430700262843645021004536227264568339092052236499100519986618072697215841994e-33	6.7845751270136114483632602290887583929200245783083439115312316875305524217023112e-35	6.7841603273954922285351131760608532623195441732971018414745853886494107496809457e-35
23	521.40082879996850452297370053030628476972548884389341157932035604186184197312962	9.124667721797563946788366717618432821711580057033070254010751127459978716828438e-31	9.1246677217975639467883667186633339108939229380962364220226023522126776869734926e-31	1.2146398793608709966579944821864387801161002368190237708413254350293078881882538e-32	1.2146398793608709966579944800050474451316236400304983961698517982620961899114202e-32	1.6554108539764283566751016967672914042936086972065394216607471176799674375608273e-34	1.6554108539764283566751016954891121929586853646671753847061134668088371531786373e-34
24	756.4633275546288701916307000842423615098823110772106293603730165526621245450899	2.1842124505528751164130952147400339341564805137277962788483373950426424809073898e-30	2.1842124505528751164130952149376600371509272012858609973680516811553520204832762e-30	2.8800101384790349101254586871432007831061743923449934837420726794146440434046385e-32	2.8800101384790349101254586834801600563476039285535839530534256554460170760282253e-32	3.985066849696587128489227827174830047948031148163610779467322780648302626663042e-34	3.9850668496965871284892278247649485284857797319700353575044144085397692667742334e-34
25	1097.4987654930561098977530741317955114708037275286893288644589980401398938530915	5.1800154906577356179902028087407648820778396703346001849992471483187968599171761e-30	5.180015490657735617990202809148956142742846449372576682169502540762390194393177e-30	6.7790248735564565813122905119861477792947962589098452593185457905964305050619129e-32	6.779024873556456581312290505988540031927014947796722967965295843373801518551042e-32	9.4918774143612332500299841173973585755925042055683422523215668485057854461469083e-34	9.4918774143612332500299841132749774815702351808948144196846007353119674215630479e-34
26	1592.2827933410923460718367896361813900497887182055592610041079917296544092593963	1.2192245731163379489101945524404240504634178699896761029525107697525021077254138e-29	1.2192245731163379489101945525276889428386306047261061642850329603415634741085555e-29	1.5857836067468494666465011151146280520509714674855609734263035527821588894276564e-31	1.5857836067468494666465011144942755660537263319117036548572442194530865736023291e-31	2.2417635193392411863669941331987256464394719401547061299913501807158860049198786e-33	2.2417635193392411863669941326708124311939131393482901533963022875345623306682144e-33
27	2310.1297000831597589838307886844223758131131084862097561165505599794983502501681	2.8514964036691337736759594983881830072713309532465468857209375080235071643336756e-29	2.8514964036691337736759594985826603380633012458972291654492276904408357579384659e-29	3.6894970897932306525103958752863249799530191549557897165954696776902695694030031e-31	3.6894970897932306525103958767090254844558209328619156042040301684173733926303037e-31	5.2576827529901671664266238570038381792677702795021476693335347707718164249391378e-33	5.2576827529901671664266238573176519681152630380159586646671956677941289140684159e-33
28	3351.6026509388421475232113807945503516062986026749677502679794382713634132420322	6.6323781660072914763852861614895722042990547454852750265186404188139183302356592e-29	6.6323781660072914763852861619516009021625102282901024281274693681359434127121932e-29	8.5426821849426962534855533298381171386599971659501578017154075015256066953102806e-31	8.5426821849426962534855533448055009087170854429773384684186647416843469837209445e-31	1.2258008165771728200056633721130978191904946851894603072702688507592076737594203e-32	1.2258008165771728200056633728024992978928761730574042836174346649506285910347248e-32
29	4862.6015800653536399232334869657288094945918357748373685287271548273590971175706	1.5351495730121758683892992865683587266151955351004015238963801133052742469432733e-28	1.5351495730121758683892992866894345453758612112297494881309904396578684607651147e-28	1.9693804280302593056801628249596549855428859268298939580418006288899696217076811e-30	1.9693804280302593056801628334032086222186617156602843621615139164022877790959428e-30	2.8431315090032780530698035950761043876785833982736687699632309160893695797281859e-32	2.8431315090032780530698035992810286361506179309434731616835370257607871364699751e-32
30	7054.8023107186432358729632154904920807201414008186406768575549010694620300059886	3.5378135474038824251744268020950596007525916058582888340589264171432950125750915e-28	3.5378135474038824251744268024559505410592595659076624526510431604422282139229305e-28	4.5221328827998864850827700540501306301152660150500962334667077795457576455701211e-30	4.5221328827998864850827700952629615750871908619949831283915195401233491824281458e-30	6.5641239465544384025153951001085136976050654791567665132028647051528909762131907e-32	6.5641239465544384025153951211525156096231225184095294721677224567778677612219618e-32
31	10235.310218990261843119558637204987501631171252987180331633468937666285750619375	8.1208196277350027039042930292510625585322464940644675697174419746437131526400187e-28	8.1208196277350027039042930304810039005707365606768572563633455576791343476508907e-28	1.0346202067903312919690495571642889474449424046758612505321718937541057605334316e-29	1.0346202067903312919690495762233942141873615483751876299205710877540612911577538e-29	1.5092413165786445332557021733831054525443540058118044602635731230215458711973249e-31	1.5092413165786445332557021832141399474894372556143106484873524908280735552127347e-31
32	14849.682622544650422129671744907339338402086025767618587455470753278267344590083	1.8573556457725018553701958093441957898588831934944394651699738299170046155730976e-27	1.8573556457725018553701958098115076617911320656636254438839784506274038882395385e-27	2.3592252127289157192001806934371549737089418361828280667295635359871080811412414e-29	2.359225212728915719200180779562041914491849731318275758913023656939887942581135e-29	3.4570575338553051218286389201829693126775892416111919804734833090101471228934292e-31	3.4570575338553051218286389648074400658586523947161793494021063092737426704830615e-31
33	21544.346900318837217592935665193504952593449421921085824892355063464111066483408	4.2339833014411344385560523703405542027154201968421972014285355760692618363939459e-27	4.2339833014411344385560523722476841552175147336437713814304501081107806150206651e-27	5.363155858045579312283328095288872767106927777647354924975527945875672416750309e-29	5.3631558580455793122833284804132633906533047238258328623302530313777537849007665e-29	7.891492876860036773821595090425382999373466371194979410505521041214607873234339e-31	7.8914928768600367738215952903843971492960798760778939850187336232260323601286599e-31
34	31257.158496882362841862668342934974816775166532207315492413352459656179166163661	9.6221978490750675132938231821375720816454524384207310932885157348129358467270418e-27	9.6221978490750675132938231902435512178394156110881661573604145804665246144220835e-27	1.2157189503329648404256819915445361522783699685215423189894509488323669441190487e-28	1.2157189503329648404256821629230939000758569104141269207379544949016136914491479e-28	1.7957092304043239681570288118717633482666787114952272153820080191018152917935137e-30	1.795709230404323968157028900938478188239877067306306354880286077543573595942701e-30
35	45348.785081285820363317960634574103273774682538680391922585802255440723784104545	2.1805671920013771807707982218803973297242517445656548809554685431927000177090627e-26	2.1805671920013771807707982253994898369385540103743479089946242871200149372516156e-26	2.7485029152364887976947855953721193462937246321384072062374771850453079434574445e-28	2.7485029152364887976947863562526595642440249716430586170183603641180395895815484e-28	4.0741958507280508628436548424516680749742866837768948008423736712852345506478069e-30	4.0741958507280508628436552380669373545709725331666304920499017803689732400844359e-30
36	65793.322465756799227076122255599149038524579125565523137226176605909916832853491	4.928590321160059824576244153194268170084936759770223451272882296253493667121942e-26	4.9285903211600598245762441686337289413808490715424556838271345936679162644141771e-26	6.1985311664853550239090798818472622285312312798242941265729220851931383841952394e-28	6.1985311664853550239090832563192316327985010667486921449914596337110503706548772e-28	9.2186961607010347254588073245309401884719808022565269483986178773676539794091774e-30	9.2186961607010347254588090794454175735688152120165239300329049261807213487038129e-30
37	95454.845666183402924080829270262102137833496047313673544464188764877040778246516	0.00000000000000000000000011112524993115658905872302842807023267549881967788069938497879065669791546964722	0.00000000000000000000000011112524993115658905872302910892844785164053906590597389216068860424655454803839	1.394704928563891340948327103479316349245974409894517433306212860190990347703573e-27	1.3947049285638913409483285992743613303032394200598709464040054318371829515606479e-27	2.0806614423893626813983258047944979977055424424882701702133863223738703122657769e-29	2.0806614423893626813983265827712154318601392515316672796341478494598670249305461e-29
38	138488.63713938730766354492703319061518185357972118843105358970678574848605475823	0.00000000000000000000000024998292569965849931177666652359613691248288276587312573299244646409720735007305	0.00000000000000000000000024998292569965849931177666953347320331980658602842769652931088089635925615166561	3.1314199826947720340979424056005430477516976796448024454992556451315722165201812e-27	3.13141998269477203409794903436349078659864728038726053946467673286017169323029e-27	4.6850229754228761535004414114522782488322068535459098777779533885988338045190651e-29	4.6850229754228761535004448592999097696434251501324353005854726867432399205761423e-29
39	200923.30025650471314118892816486880800826323546527695303473974517928009217268426	0.0000000000000000000000005611505693184978977219338333591023300420417634116664198991154097729780678879863	0.00000000000000000000000056115056931849789772193384668052450311100351875400854686991206781766474843563585	7.0165588159328577511865649277725970152978819853620306365189124321317725488008505e-27	7.0165588159328577511865943003878885875140001725271015124372373670556014609872651e-27	1.0526091724199068833570797756025277207561334296952657080651461273974279330940289e-28	1.0526091724199068833570813034084832372931467385931561023755658393139093480851304e-28
40	291505.30628251765603844865743149514314192918435939579558121412648757146223026238	0.0000000000000000000000012571231860769514012745748291735688936285604027534326506089247620500835181405803	0.0000000000000000000000012571231860769514012745748881658503523282613905862965646292094528368352892162121	1.5692206275368044496562425694466783501017300831382912276261997296714302712729194e-26	1.56922062753680444965625558398809029245165448139289000088821564555454707125755e-26	2.3600872446621226257270625069386311525682174156927780096634695799258020687422964e-28	2.3600872446621226257270692764793269656491463487869051691514857771730666096556422e-28
41	422924.28743894986095504158715845523614498084417511006886632695651764668634028675	0.0000000000000000000000028109833431174939393551685547488313988138486429392669288497426573967958357394221	0.0000000000000000000000028109833431174939393551688160583682083732386402931998510463627398236447963092639	3.5032349420944539293831899284774454331071257069923506970376924455650286280862562e-26	3.5032349420944539293832475923467139268769749160851060037985441283948482984492391e-26	5.2814022259176066468517791291207676933220161925253156330748821280039418237882531e-28	5.2814022259176066468518091232578237812832517129432497688910300373429498176440189e-28
42	613590.72734131731064820263273658599565658231652467377705101995320741336471688885	0.0000000000000000000000062743496318333173156734651191124421396962569460504430508321968441342158106877421	0.000000000000000000000006274349631833317315673466276743618792454958731371450352025626532673085044766698	7.8077197205549237653384290041447743368743847883045945543612016944296492187531616e-26	7.8077197205549237653386844937899040526172625031574856126940470662509406238841619e-26	1.1797245338890350044243652292663642183139136719445703186228337831866904542699358e-27	1.1797245338890350044243785187151186444832841451699852091205414935703394209219665e-27
43	890215.0854450385695086561675285838754363256642476206350742364655180268737566093	0.000000000000000000000013981477258349216226193777765937615329379010648237627073085756789118224792255515	0.000000000000000000000013981477258349216226193782894684322165560370836178217763943509249096536744308227	0.00000000000000000000000017373585162326415184831723956387277164073372147998489215238442458223526058160365	0.00000000000000000000000017373585162326415184832855940329351320917895646245720608335835042559021103327606	2.6306782621493805838164473953587103078281567281617058270793691118396676321427453e-27	2.6306782621493805838165062762586771398832609664390006397689933509446291721105674e-27
44	1291549.6650148838754100755464720875429759552631607825103054987236354522675444663	0.00000000000000000000003110652876185707331110562341456731277568283954615941053479878748061928367106218	0.00000000000000000000003110652876185707331110564613751562399002325184172987233853931328011214439125854	0.00000000000000000000000038601328960089430149672294041979054633690431011485201402978132977522839543366021	0.00000000000000000000000038601328960089430149677309447032220779258073116608322860347011539517008194525521	5.8566916483731544302560970447492006066110330268899283652323750148581478688693961e-27	5.8566916483731544302563579245345420963397898367839238005189267755574297180683676e-27
45	1873817.4228603840477603332870084072607560213897998077691861297902570133843626702	0.000000000000000000000069103679230307311594168529633949468964344640923602329474813552422328237258447902	0.000000000000000000000069103679230307311594168630309496470938996262217674529942567163462946715020704424	0.00000000000000000000000085644009703813145804687579813829919374870923679607480763072177654493303846704418	0.00000000000000000000000085644009703813145804709801201829802516951722673824015790027676139504008691578825	1.3018855419204983388115572935212909397736266262104171197762676742054716671721799e-26	1.3018855419204983388116728796485312270300000556407455666213520832421322004915345e-26
46	2718588.2427329406590435007318617446590772506045625462272441977606436200294067553	0.00000000000000000000015329782597108448994159096213367315698119860602534005330144956044565643702453236	0.0000000000000000000001532978259710844899415914081863116325153854090796878517952226486789757274834156	0.0000000000000000000000018976030046999077262416132864884968837517359812205892514061384303515871191645786	0.0000000000000000000000018976030046999077262425978326365145250697185281336848508644650038457788564339027	2.8897770673446145308878268009326229277992252522370739603867066682124723702051774e-26	2.8897770673446145308883389196655052822892067749977227060940271357945413457951912e-26
47	3944206.0594376554502096962698326611068176796709025248363681445385279766522998867	0.00000000000000000000033961548413204786922545129938691342705390440337419239032430211815592659654149211	0.00000000000000000000033961548413204786922545327567183123297859260395899860977050355204647992447458978	0.0000000000000000000000041991045325223753353024908827641008888732363582822613812856361793002775008587058	0.0000000000000000000000041991045325223753353068530352388069087192309190708542006465497718895131898843898	6.4055953616483837522045443202745001937830986294268941804283069153156976888399431e-26	6.4055953616483837522068133252733901093599081190425892328498308103071025662872182e-26
48	5722367.6593502173009843735753217505145099144958732329860158732020461969537680171	0.00000000000000000000075142343424619930139172254730896245718813090033109203375259857938486358263649048	0.00000000000000000000075142343424619930139173130346780453010987195153420429384410884992018875173636771	0.0000000000000000000000092806448382588272335545778606371197286286442480874603044952259235700147464884019	0.0000000000000000000000092806448382588272335739049094877845583876479740974151110140395523458304675068409	0.00000000000000000000000014180395968027936425163520768942941759967448763638366388755861238647887838756653	0.00000000000000000000000014180395968027936425173573872761593601632636277870303675221857612743338500833869
49	8302175.6813197452063305508013442834737391375946875285490639687699284728695396192	0.000000000000000000001660560604928025345842823774989806253207929849341763482989198471918254313938079	0.0000000000000000000016605606049280253458428625701908072328897592944681656649858960818318654283199562	0.000000000000000000000020487784550248282634703530983560038329520969241895156937546869593956974910047611	0.000000000000000000000020487784550248282634789161826161258925368308162172457038476007145728023354824492	0.00000000000000000000000031352975609522910121472833261580699173888467654721256383148451424141782631766522	0.00000000000000000000000031352975609522910121517374762407431424669830748013834921550628995608436873419299
50	12045035.40258782168620080877776703199097884727292273914132831370326774285069901	0.0000000000000000000036654096957349666385920113650290516320158725497741375510871131713656583097379064	0.0000000000000000000036654096957349666385921832518280124082354654763377146452822772541671796700669808	0.000000000000000000000045178384762421665662398543284888817655567858643643333540586614081106885152562443	0.000000000000000000000045178384762421665662777941144603084112004731356755363570246570705337251555749658	0.00000000000000000000000069239921685664549081410229999269229130350154210345919063404068642970614925863049	0.00000000000000000000000069239921685664549081607576535599721622212996182039483217574237661333619305899569
51	17475284.000076838335066803524802632662351061686933741838500653031146774860120187	0.0000000000000000000080818619333902862602519654529085855269660350769886273024405460495757431211174031	0.0000000000000000000080818619333902862602527270181408907821486631377804847641296496602923436674210232	0.000000000000000000000099519258819953434529816951529927362481795226892329482962468816523299312176460215	0.000000000000000000000099519258819953434531497919851407054539471326795374008152776937632233797018422955	0.0000000000000000000000015273754228524081680500347058925559692153914313459249827303948020385569061782175	0.0000000000000000000000015273754228524081680587783840246635740472111445155220421517977016064592864844636
52	25353644.939701117960647177126328943894235876965409556558416018565799729189041031	0.000000000000000000017800949269336206341282289957878086361903437730935269459203070728775342437707567	0.000000000000000000017800949269336206341285664164911524838800049453673228785916842252402848796077982	0.00000000000000000000021900030262209714883940272873148990157487046541608757662863697031661131103661874	0.00000000000000000000021900030262209714884685046309513404948819065223796230376620519964000355104426221	0.0000000000000000000000033656490899729888391896078276259588572959077744406329513174147403909972147556239	0.000000000000000000000003365649089972988839228347755887071348597985673020232517019325709161424250672933
53	36783797.718286335124315745886275830297844176627228809484199710317326496787516127	0.000000000000000000039168596481438778993301377412868849637771814363315483442039683378091622396689298	0.00000000000000000003916859648143877899331632724647748108469768526375188103470515212396770658608343	0.00000000000000000000048146257156614569043994155665464908954679713496805362133735562546124219626062366	0.0000000000000000000004814625715661456904729396484396885490703225211176131540860061417188634598536624	0.000000000000000000000007408777458793286627994227501719718668655907777820009541256622588940020378502929	0.0000000000000000000000074087774587932866281658694597928461620765083504485278034412343631255870662536466
54	53366992.312063096581536941949428649409886829097948500298364105286562244871086998	0.000000000000000000086102334692676764521090116775852958479306768957897662099541289700521396476159446	0.000000000000000000086102334692676764521156353828424626808983887306355574234374825167276376179218076	0.0000000000000000000010574953054544857856633266998217850209630625827494735392082315011681517350801662	0.0000000000000000000010574953054544857858095287535609038328440179696207831132271437383259629811991631	0.000000000000000000000016292902219195815177843473651749436934979306262249228105998164627653674929701572	0.000000000000000000000016292902219195815178603954195586939407572443624185285701219928976024223727339724
55	77426368.26811270597266794515369692782143337437397447352913919774090861419927039	0.00000000000000000018910006000098658936814193299477232936081819887149892592238765538158233255888622	0.00000000000000000018910006000098658936843540429907427053772603163769094954324582148200842657638155	0.0000000000000000000023206477038839364379213519987739864042351992271969621125164302330155597138721687	0.0000000000000000000023206477038839364385691179556701232959373121368974005556501923850641546476758475	0.000000000000000000000035796683129253964773571779353489200951754209336758792150541074103820173745897048	0.000000000000000000000035796683129253964776941180771989132393639731630779683001296082571870492761580958
56	112332403.2978027416002239697872834352943793489182970253116047320097930122487358	0.00000000000000000041493958687159624733607127560144881627913162577193940838742817520702234931429345	0.00000000000000000041493958687159624733737153585503445302011016719489912641470745674605258327047812	0.0000000000000000000050882747910664599766644886450987640172592315501824498912722695514415102308014444	0.0000000000000000000050882747910664599795344943941765906801682320039991682550234539868814941200445167	0.000000000000000000000078577220043492750025292316951715509948201402387040580889050815155541679180286712	0.000000000000000000000078577220043492750040220859181835796575737015915154402374634976323325430383340957
57	162975083.46206441742732172650062626542463148476053364304379726194102462892426414	0.00000000000000000090972507306085091063536927932825397615667785768206435991685741520482973010202789	0.00000000000000000090972507306085091064113024029888887118101692209503569776518083626781775569834756	0.000000000000000000011147494163236102943262942674421030729170812429627472645215218826983664191860405	0.000000000000000000011147494163236102955978851731698102664449880513050159608379315094680396000047528	0.00000000000000000000017233604265362765293041204973993255145839813918015470088591164206775551807645198	0.00000000000000000000017233604265362765299655476928799247335396140833588637924568889656479944061183036
58	236448941.26454073825503203563108140287691941487617766627050089861104841616866935	0.000000000000000001992885006901903676747355189981747153749196394790407462538891873398663947971367	0.0000000000000000019928850069019036767728798272548748711609805470613377470292253602277343818647216	0.00000000000000000002440299973700828137896849902705032043753766624572488984334103695545579514513025	0.000000000000000000024402999737008281435307878553167138040618762544197224722542551717974236974427619	0.00000000000000000000037765586462196806185828011049258716773530420240247855092567187198695619183309073	0.0000000000000000000003776558646219680621513334630122051341117911751735711334914438519281407855620479
59	343046928.63149182544156485388711634751128018915569335859481328418639184663976482	0.0000000000000000043622939187838115294637022245820101222657037780273806180436842360829050297120471	0.0000000000000000043622939187838115295767922301399705594460062727189859126761843935533515009261696	0.000000000000000000053380366341212248414604834201612036580741300248113522552337204156370343312462798	0.000000000000000000053380366341212248664223298045953654025179757986467618826143340099272958289076331	0.00000000000000000000082693466245087096650209927102014353917877203854326769978931921354817434493208925	0.0000000000000000000008269346624508709678005077429673534736366094496312754480635793124373163084756474
60	497702356.43321108021521359618840666072396563492904670680868333668947992278156997	0.0000000000000000095416009042573900175150030072924704033827244694372117923284592157577374189770383	0.0000000000000000095416009042573900180160620124686976411028410698417528555664057722696334874986948	0.00000000000000000011668220390897775368948214610673256216168116483658057000509387273225230612530558	0.00000000000000000011668220390897775479544706824347218379457901223435944460798460433162416984951294	0.0000000000000000000018093157642449092291947741629346533425524762889492186950025546997767474995902366	0.0000000000000000000018093157642449092349475305995724232095691752293121830550295530343990546100188072
61	722080901.83854641574283489404683131519232034507295172433775413888395892509410447	0.000000000000000020855159017310930220246749954978355426714598879462856562404784290473872100117252	0.000000000000000020855159017310930222466752734644332627642943359567265162615618665277740951285453	0.00000000000000000025487316650868743117939865777921673783983086708058804893586065276840505704364018	0.00000000000000000025487316650868743607951057317306800408481269249741499402212468000011714125107694	0.0000000000000000000039558366074113153249495611958790211900756297559981244087594408257158240957402819	0.0000000000000000000039558366074113153504378473045521982428792864003115840782216988684469120136790739
62	1047615752.7896648184773488154800727243388029043805991186685289149738254789118866	0.000000000000000045551565919164584262470710970874600452820525472724893590662182070373802572909279	0.000000000000000045551565919164584272306702921972398453494345546584845170581964247931120506248256	0.0000000000000000005563538075325941762663707619263040585921479266853694835829399055991355560168669	0.00000000000000000055635380753259419797691175891637135963931977386864461294659552921040188570828072	0.0000000000000000000086428112025869107119134439333796381036781271771855963653723463926433733295612026	0.0000000000000000000086428112025869108248423912840347891313917108296442138434916699882276381629740822
63	1519911082.9529337171040338922572285973755974373888972294497889618706379114548552	0.000000000000000099426383925964300796675587456167551351160638771552356550120345631165339576145001	0.000000000000000099426383925964300840255144450511005301376905724339364747223376516319988559010983	0.0000000000000000012136568832583642731035616084285233395429285565715804970083243046019210830706939	0.0000000000000000012136568832583643692947504056232639128643706832666629103373898034743476228347694	0.000000000000000000018870163068237024388669642599781193763554452853080863539903547590780066287637984	0.000000000000000000018870163068237024889015059915071131532172827394735597682115821907892123501345924
64	2205130739.9030456670142454556415589757264020041532400790179672917416697160138632	0.00000000000000021687969762839275295279068674697670224641966712917681504295442036003454501626494	0.00000000000000021687969762839275314587520707640364712042914075933415676358194852495648860418729	0.0000000000000000026458705389449446442625715650024253760900168227284459649825712694303422839192386	0.000000000000000002645870538944945070449316680726113943947692847321159856838044360492044806006007	0.000000000000000000041172843643715444480247252610395656659140552796483424117632928252598424270098782	0.000000000000000000041172843643715446697088394773631497553860041815343177021131870135754926653351726
65	3199267137.7973834092310338909795267023696208291846069796068560894263133033460059	0.00000000000000047278634129930256247727249185955927578220480644336457346400414843862569334755139	0.00000000000000047278634129930256333275691075480812451768797474383478317667606490936164307400727	0.0000000000000000057647231320576689035882271865659802167293304917416110342976948918668619170993679	0.0000000000000000057647231320576707918603650349032640969199792253381181994540748759053096836681182	0.000000000000000000089778166026416730317235205229363244172919129666362130349109684576117345071998479	0.000000000000000000089778166026416740139219137757502173594850829153616764983394880157738245117382304
66	4641588833.6127788924100763509194465765513491250112436376506928586847778696928448	0.0000000000000010300280459102138442585692124415282394636914388788480391301669074635589556131843	0.0000000000000010300280459102138480488968354199145509186461236100447524166866100713739727348865	0.000000000000000012552621199392330503439102030065638868848331127057744531087948628081762848031876	0.000000000000000012552621199392338869658153740337304958286230300923093380658123382280347106948627	0.00000000000000000019564322005100520694714946294331731415707409794772592477954702501131126176374555	0.00000000000000000019564322005100525046464223045701057925286776019762350075737162884114046096894413
67	6734150657.7508213900176652875013072507757980356251451742267978463883149969394923	0.0000000000000022427463013620692701469238236980143973311669187030985977244878216791079913235937	0.000000000000002242746301362069286940430721323001816193602537314072286290013287906963202756134	0.000000000000000027317752344093296665759209724259771986542066859921744232510900053909673433978633	0.000000000000000027317752344093333733308859082308832686256852109763127806955887801823512238757507	0.00000000000000000042609078556389544784117390903390493900622092626932675700387962715271564504433633	0.00000000000000000042609078556389564065071114505332499180723262393449456773721762242579728755905689
68	9770099572.9922529241494338070590034360098980977308605426816656786033770011083743	0.0000000000000048805261107016119259965475947036519569345344098824249556283012879583195078970344	0.0000000000000048805261107016120004022196033702391472644898368821105383881323983913014777153022	0.000000000000000059418012747393145631806738103153693277122807855646335790806114426798595194177906	0.00000000000000005941801274739330986408759461204209163705246462346742097499949210296051834586148	0.00000000000000000092745181618186808065012316846862083134699258871622324858573077822373439016409472	0.00000000000000000092745181618186893491619607324060402869886663732695524244191448044449860417314124
69	14174741629.26805213452956533667351517320581659021618636812778074434842633600234	0.000000000000010614915283332620848487794011225851983034516734077371254186290355638036457507452	0.000000000000010614915283332621178151160978701647031270977699206557097624286929575182482571556	0.0000000000000001291699701748793609708458337349864297252524068879715196973281582834249989373847	0.00000000000000012916997017488008862191342454092977555785630511573669050368881662624927337672123	0.0000000000000000020176258011005792685519031664640285344957033097503714198774106916667825059020303	0.000000000000000002017625801100583053481496264359483905132228277516334789885938650194493202991239
70	20565123083.486513890168407590491259856785016241925994280173659966837382774092092	0.000000000000023074773458349396238596887424596989250652881165166052934473167697471965680468723	0.0000000000000230747734583493976992104748898954573388365562143207977233730687467446778617913	0.00000000000000028066132262622355759773121915762627051408607237322070637765318526504123011763972	0.00000000000000028066132262622678154416492083317942787238909884749179352821214809059290622809776	0.0000000000000000043868999064114835930369728712442600351042582717748586323533441669988053179075974	0.0000000000000000043868999064115003626272434952097763329573475541764181684068963077562755281716111
71	29836472402.833391414942003341827984123184228363948422454905031866467289268867702	0.000000000000050134494438921159313531282817180748356318748726142269393475349957507259793726364	0.00000000000005013449443892116578495718467918886841624101431181734612434361682597433043677181	0.00000000000000060952019455565788349601324223757727349056690448279781794020318422340323747478056	0.00000000000000060952019455567216758226050197628929421086185048533574864232529791031735052156494	0.0000000000000000095334495589433789797212492253473636314480509731113604975113139344190073429120138	0.0000000000000000095334495589434532794277371421918028079298192010876159038079691537671169327917304
72	43287612810.830583474021368863988989449998803438997042700904833390818404157536295	0.0000000000001088732113459535996355583507417293731162652379852152985034016464800639816206919	0.00000000000010887321134595362830799681269499848631090435561160397595716673021094307533291828	0.0000000000000013230759811028922904244355195763252605474405875010067217409383104372556652725265	0.0000000000000013230759811029555778034646075233563307362652318844842371466942721268009820868485	0.000000000000000020707359640135467910187132497778294105597118724296482866416630268385328724345305	0.000000000000000020707359640135797104060990047311295472635978641656308674874957546248899287021649
73	62802914418.342525278359120514361175691780589158949290847052957263518237859684452	0.00000000000023631823045309648743254509263322226263362787029825191745237912163414201110712048	0.00000000000023631823045309661446926618341534260860260627488590216516621429859570248735911597	0.000000000000002870641478291198590644060524880501378753798175951677697581456858375640101705867	0.0000000000000028706414782914789930635810463285778307226498441540114261120699502722505398143342	0.000000000000000044956078194937706153977342331138379338225503505860618671985951126247251860428443	0.000000000000000044956078194939164687418560753229468197937574679054585808535540571059129466093088
74	91116275611.548923791816909824368901242962782945309572165061139338416919187214456	0.00000000000051270968218259399459506105951403236594841650626850490392086391569847618732881538	0.00000000000051270968218259455744668342542907444914264214608841375764341389463234448145025116	0.0000000000000062255346744247168641374424052926058166128688635005022391753058236195741713009964	0.0000000000000062255346744259592211141284653911000063013023528856639050232296250211558575661225	0.000000000000000097554559746267089048254676283056341465843038695768344911478478038288470748155084	0.000000000000000097554559746273551257815942285348662307372163156298577621512941474980508444431464
75	132194114846.60290403826272627683992911752274233896504330771792782689021533425391	0.0000000000011118595498310285802920740535684593915419773091705415072219590186811695697062715	0.0000000000011118595498310310740745495438846510768266773189470898939190132977520120425915152	0.000000000000013495334905017265618366219825279681207741148499959921590842178930282922673500012	0.000000000000013495334905022770031845104121166401971671529084185247899198676171311001909936407	0.00000000000000021159642633506070587360713049820705273154244825984384686711928764247167937826829	0.00000000000000021159642633508933747795267937021677715235003569448617384093417010193321859585172
76	191791026167.24885526276804603873774461080567905542480821810624885925206548907863	0.0000000000024101174922380447836216806335343496276853629256096881822975083233720117788510032	0.0000000000024101174922380558326278270875637150579965276715923238862325736787506111838435085	0.000000000000029241895087908652924965378729095168710071430170110016961890252569331818212554011	0.000000000000029241895087933040897436337429001812053407376632693479699795758773883536437043433	0.00000000000000045875049705251466602141063809795906028508557475889872410082957891552234885810273	0.00000000000000045875049705264152182198907882406762076807927827478072100631914275631252613746272
77	278255940220.71245976627481026571697076304393986329431512500319821511270369921482	0.00000000000522206021319086801821686514893454884149621056308311128012430178797910218922768	0.0000000000052220602131909169721805826043127759735221768885609049871655893937912902984695613	0.000000000000063335542020625126943750310710676856630437046862724010408706536824197072644057176	0.000000000000063335542020733180817887105301680681457977318051910348478497675288758504819488096	0.00000000000000099416355625518066867314137284116199483090966290326179750244730428220332390870438	0.00000000000000099416355625574271870520319399112315825226267723547233259329321975504981977763013
78	403701725859.65546925556758604340389959522247074688771872145147660914522228086388	0.000000000011310093104359099314351989135475299108997939137725786369914186128493123029075314	0.000000000011310093104359316210834069475963726089427553121050702657748527180979800131265922	0.00000000000013712437621889657553534230221872051091529144039437192540621202863389882396059378	0.00000000000013712437621937532134866785224210795252162202380172733572145020595667604866987893	0.0000000000000021535629357862047941683562574121840351793702141857703605529437351665054605196049	0.0000000000000021535629357886950251006450702448348805606474484579691482485328633517832496489656
79	585702081805.66664726641641159680983305773425841307838456163609519408005888671487	0.000000000024485905854041655168555779495156585858983279564027170628233978145184010841947333	0.000000000024485905854042616154763359109213750405317920133652849596985398748068105014062876	0.00000000000029676446137383735027759988395150299411186181454814892793982135618386621313214765	0.0000000000002967644613759584917508485127505842294077291054567351141451777571128939663488572	0.0000000000000046631659822952203216100408216946545072172898289707136273478127868119597714679168	0.0000000000000046631659823062535922129787472340450477069827615673068226981932213836163320879258
80	849753435908.64427627597673273173516627468012724001254396295200684806297652606594	0.000000000052990338903134976770087607241544683817821580818308555031383010582882334269121194	0.000000000052990338903139234536199351636411501161500176161145143103602185638656284485187177	0.00000000000064201300829783424461526446780579142790453826378044549522316855443725871013460376	0.00000000000064201300830723221954121092711665249460969276276747542187284648405582991733854654	0.0000000000000100932883465308476382616433852627148899263487737241914301584906395825897516985	0.000000000000010093288346579731883742349596567722526902156866857087786543053715592007642684683
81	1232846739442.0661390534007897309480227699753483201589305309202197132398972474423	0.00000000011463371916818375425690637613761147793179787784454810939589887254176536819198641	0.00000000011463371916820261880680244433899596705092375654077101702781511968754395335479315	0.0000000000013884010782433633706124734255932777420693099124615886464500327645840781519791153	0.0000000000013884010782850022399772070880382628275059798098153383661795067224069441036277977	0.000000000000021838243649230325695440423482554602234246356076016270840531738655369787942876024	0.000000000000021838243649446913282405038257050682219974325418317503168095592750106328418561118
82	1788649529057.4348313899718504112641640293318494918686996814981008809590395111543	0.00000000024789495168782037352323698963209115733340051809176173439344125789509339178936706	0.00000000024789495168790395520279417116552518125159027895842491538135630817264499512063184	0.000000000003001439023378757965396718375098448852653915051463407905199239038167963776969467	0.0000000000030014390235632440334736394203541438170849526057438485188569039467708635255732595	0.000000000000047232450942969003211106854403228481182030297995913006837813926454216980310886313	0.000000000000047232450943928620821358591378553304540038545640576399154580677415262174928183309
83	2595024211399.7359369642267411201118454787144244836086867387968528056333628167329	0.00000000053587916069448150680707084784102469123195397901845496115257023881988978099957874	0.00000000053587916069485182558997779630642052173650063314434939781630652369426818092669436	0.0000000000064862203093597938488971752567970550428636682615726185853568765518259810736484441	0.0000000000064862203101771817807440621723088660970772056056216011604742113370237793147164376	0.00000000000010211871744203398584548501642203929198904294582171152347479718436012698383407106	0.00000000000010211871744628568822054172738590822925926976246490644860579500765441286294821416
84	3764935806792.4680267312849587643325944718796619243149943711628317057319657873291	0.0000000011580146260229149536866517387754968566952018995950753854675146456203406019839179	0.0000000011580146260245556960323456113671634902422089155588468460322685970110955875139723	0.000000000014012170579806323594408838554005590296391229179064531920226504839290224407160921	0.000000000014012170583427860104419766181547131276016614216828901508700654563132985119164367	0.00000000000022070719397597095901460183850062345886212336644046009328451937987306306902808869	0.00000000000022070719399480864278878844952148384541880614577138377610365663483801680221692051
85	5462277217684.3415327041685010513897538328721312444219900844388241714919656408906	0.0000000025015728554595434462489090726462693619526102050355810353597891603973399326114338	0.0000000025015728554668129544921068534458152718741062301212365533178678921041865747280228	0.000000000030260388058791240742814452325681815708225713552406678581951098777208556121044036	0.000000000030260388074836898113492307886229616855622715575786496761228041738490079334520138	0.00000000000047684573812535993864759746514395578367281982585449058397414702999371504359852865	0.00000000000047684573820882258458868836163675624984794766330622549377281059737961763578448071
86	7924828983539.1732116491284517477605628097769237793416318449653435021088381479588	0.0000000054021668701634446396663238864486151594543424954001465447296260928125192274496863	0.0000000054021668701956530788747188719557653665352010852826562373864664978589408951539372	0.000000000065328485911534787537418116444084819444478780559057293533127620897621313064697067	0.000000000065328485982627021384982371310737600929155874922362716464913205507894414477217795	0.0000000000010298961996713137192539755036079874198629297809328746632675427622277986921951139	0.0000000000010298962000411051092672989935155639622961545808235677713182434236325020652586738
87	11497569953977.357907809177988520423288498621038042269964008691746200087888398954	0.000000011662246408956278799707418235678343359256365154968279480952073430346811643165628	0.000000011662246409098982201579419030396714632726059617499696522646837590047731569984144	0.00000000014099160139000999994737828839479161398329663426445743291375495075097102200319978	0.00000000014099160170499277669996750751701160404103136119621221605737983013939923102671881	0.0000000000022236521373011757623125032385411176351576042978912004950553063290739587841759816	0.0000000000022236521389395814297353037659581727466230720344113842221465222509501137853885354
88	16681005372000.587535997911490886558474791926841523947070449995189672759811007096	0.000000025168615403076266761339728540478191042949695811209403338238504375977201668830242	0.000000025168615403708531515744030953120161208640508130016744196530491849304131863042006	0.00000000030419343969798114570640423672306800880640059741391129458420352790651011614097891	0.000000000304193441093550595155779091513171342924151830027075295185273291946393208789359	0.0000000000047995625085827467667955870533544904817917169812059548840559409793498456272476455	0.0000000000047995625158419020731060859725532777789838233274222164020589212770672250045688305
89	24201282647943.820237192852594113068137138833704850602245439326202511900291654704	0.000000054300360674718374542414618951063476075978319104295774536446613785212584668868007	0.000000054300360677519700330152323492281589369697857564778024008533653109160986699990958	0.00000000065610851083929287286642976145157125902306507640090365232089231955295744092640158	0.00000000065610851702253282114535252341749887130289716243240511433605216227194761808179839	0.000000000010356220855237096554747573340909720734340477136313413513424122213584269054626959	0.000000000010356220887399665818820756103689037475835182970161996398409007818870758605607226
90	35111917342151.313213486458970862150420201781746229747156635501587534155286067282	0.0000001171158423968196499246773836186133676161504540784155089692049374602652875776661	0.00000011711584240923126406951112416160167270033122694715345953685687670828093971291096	0.0000000014147310588854988996676130602379933400077948826609981366546512446792468763131159	0.000000001414731086281094491902051291461151660281209346374525521763352243969215812653925	0.000000000022339276943089158075290776106023698707284469587551708161694841880122540233692892	0.000000000022339277085589327587721213756397363195159508423723715355236825575301572697238963
91	50941380148163.790566840924862905284609324733326397229290916381358792670301118796	0.00000025252319169908651258253780839924788354384243893095625051681727228113407392764969	0.0000002525231917540776765358897835923511807495897963777638461487317027897502778290502	0.0000000030496327844151926003324072857469020372064455542073864185883089640715584780733609	0.0000000030496329057947062745766841165172465804373273509333238393245805151460451748853333	0.000000000048173507441151320387136991071681382479566838900897464390882076050123208636558525	0.000000000048173508072515629138251577087987434697442785596172487521331484369020717690016488
92	73907220335257.782800559861219945887907047752948023876409205304976310959147381042	0.00000054433044309201907437457587788079271269932735234626169114424016029125640139260018	0.00000054433044333566410536381035088768837785314621056396745098582967196210341121771077	0.0000000065720309954121047177533065328038480009746799017194360740747745458733044807849035	0.000000006572031533198782513956030774967177759628841337780793884787863636722796170763012	0.00000000010385366941085714981199319503064380616772094433244299500213395304756386108870754	0.00000000010385367220819340371729561876032717786630235251824353255514126366654746775256318
93	107226722201032.32227594900918849034231797026763729610297550916152069714928363616	0.0000011730125194831707623210474269344192214115220188423489562517591824716589011400385	0.0000011730125205626696646556391853403840915485289119202414261089818342287103760181797	0.000000014159010803094076890865626470556882248534060014160896989169843148630357927941484	0.000000014159013185823271137470008155100919133957507421889620028673950603831311597701777	0.00000000022382717470614170996131268028113326822291254651028270222165785439168807323377539	0.00000000022382718710007974059145554936901348094009147612569133098428191706155042766389727
94	155567614393047.18038134455989145613637925718700975040461227311612951020230028403	0.0000025271102148304613014519852457442842199865767189257708036210279498890238504589831	0.0000025271102196133123015738731708669257268175586212116441624579038348355621621147905	0.000000030496517778308506567729414058678765011382478677610587727297456929254838374867324	0.000000030496528335279602208284691669426809697197924425490630973242793516856296929417526	0.000000000482263097477673670699891303170023628766906124962961748785633304132719432729909	0.00000000048226315239052145317470343939642561653078665841315819680345797703057201773593117
95	225701971963392.00475727518133340439235099841836116586177392145199297486375218281	0.0000054428954005559052655963153899810091867403693056409060613439602859348900965766423	0.0000054428954217469075351628747614316060629447542910939384433843832735644120675166919	0.000000065668080394983319925490106498619276074303987801110855702040855201617844473976758	0.000000065668127168925983363342338105362835071270313976508641302091448194471670664758409	0.0000000010388151258865950780818330876284545182547161959968564809263318228274010153071655	0.0000000010388153691846367601521416655856910609844796584970157875301344132224814479272411
96	327454916287772.84594673148581499550639446341420802826995405584945416202785350065	0.000011719868564899035287412489561890513140868745443788931544846492548987735765022055	0.000011719868658788344650662797193028660790146668463498165637020981169614565031591984	0.00000014136690703683776891637009576280397700569018057400067015675301365526258183872004	0.00000014136711427447178934223749554728196951211640534403198079696062704520647941214677	0.0000000022370628315843376898126734384631490956156236005465595256498783750994647433269004	0.0000000022370639095458617545307208411260231348781907777295376936760176921161230377751237
97	475081016210279.65966236129930488097487673692972713955626678380047722681846868811	0.000025229291417652609557474315445280373510368342997279646696832899375326612515237688	0.000025229291833640598260022266344768008590646896610736449716824256530292289355247541	0.00000030425179401775504649469164280807346577667750312669014500245105664042026108616294	0.00000030425271220926315630871560083857262715648534816315954174768723013392555267641978	0.0000000048162205069879188979813940621960196150165616969440231397339155416820013104244874	0.0000000048162252830273778689436734514182466500683311951842349863969170541989332310949209
98	689261210434969.75513329889217482511232342390377790848866165210217426221995957944	0.000054297455911613311723325651497529391537536608317228257028151399999489857685993796	0.000054297457754698620565995440477035208157149570482040053449813846242196547843668932	0.00000065465585939079003745016205934192903519862407940847804750267310712752846009762383	0.00000065465992754978804009574463124632660403864782228181677317487717096525213800878805	0.000000010366336410903926781031652008813844443795902234720936728952726834353038870437064	0.000000010366357571726835965084256479749702219105097496339174733329003349367041988470112
99	1000000000000000.0	0.00011682843133018672684059497397630331295827744360645778744285205500243129539230321	0.00011682843949620004435654102720387403669610916522156965686840681339800032765074126	0.0000014082833838767184881009593835757054202519744535277147785753706655379611244927831	0.0000014083014083492679015610593842702188516073070203431557851160445655534092366783271	0.000000022306806533428557509426779835358195667468623750349761771630770211533237411125998	0.000000022306900289024599072843063763215401843804984343829066890473184908419361768974657
