	tb	Whl2l3	Whl1l3	Whl1l2
0	0.01	0.000000000000000000001391972407396373402162199760854173724761367832705334539192204132842336150421053	0.00000000000000000043615360333158585260261767174996178513944150388620100339054106758672616797088752	0.000000000000000000000052991517051531835339424418244770466524783692125288710562665861076279791497044422
1	0.012067926406393286370831703097648327681054619541514018611023822896171655598308043	0.00000000000000000000095462050397804157092164109993473120969276245365850794647978626802444726510890527	0.0000000000000000002990773085904006339188386184724573371949002632603766556920704115510387536789645	0.000000000000000000000036338877933742333906216480860920618873544071825794236785862710697107394822988132
2	0.014563484775012437879551431015760647213295504088978407870255413479452815956562062	0.00000000000000000000065489685564546706773560973431689287812813313401066416165935095768631069431339408	0.00000000000000000020515596880907499263022324495878138488423426178563867320909360813274503800043038	0.000000000000000000000024928019304905096239979182582751750700457694893877128063865056901974437387591401
3	0.01757510624854791881389007655886166993236741554122847989724604641788810811682431	0.00000000000000000000044938438117054574354731693287673547031837370831646588611469436055954587250131461	0.00000000000000000014076619410091214251348985716791432155942667643141207432502637156151510078657949	0.000000000000000000000017104622579835444555889828414980859678857793851922704798433059740796410805972953
4	0.021209508879201907836396125355583367737575633496271870914196272329262573371491035	0.00000000000000000000030841723289369667430426211136698497327276400994907008611402298802028629955725618	0.000000000000000000096604169111418060260723463395589392122719389409632895783719545929205797363296494	0.000000000000000000000011738687312407893337734117376984363089636594686154644312563741999884823764381373
5	0.025595479226995357855864723011921338642165937028782850254378699345568246061328799	0.00000000000000000000021169760479176888655527689339570985303169862524203581824129615688578253268753966	0.000000000000000000066306429252044707649529126936820043800502284825121938306584304916500639837105691	0.0000000000000000000000080572274331261892608923705199555801677065392654938787294818884753416392199068116
6	0.030888435964774810024309268245631085834514206254223003826152793842376421873227427	0.0000000000000000000001453239002349789977975155329768780373113254001409425134682199760178369053968624	0.000000000000000000045515922168689331745544403339282351897778366376110227640144480770015430947080582	0.0000000000000000000000055309271674002294917046037722624118791309420027426913504238648902793049024728711
7	0.037275937203149401661724906094730409920771828011093488533716004749210918776517449	0.000000000000000000000099768557320054609262121290054477219474770993165849529118206551941727633136967251	0.000000000000000000031247096545139695182008813151684855179209138110247126717455652933803928684946339	0.000000000000000000000003797060397650894397541158728691283891145068774010922444897259883239093860902083
8	0.044984326689694456873860736695528310503248313303876439272592381251367183021484705	0.000000000000000000000068498546436233881559119503339317202884326050295524076978416155040316053330383542	0.000000000000000000021453062742991138306857608515489906318102941885939435871463083814912773495707949	0.0000000000000000000000026069290190502457780929992110121763206003141174980603405831685533613619884374912
9	0.054286754393238602676798984874106473943548354354393201062994322287812924626477909	0.000000000000000000000047032581321294483118806004795553397728849437431923779187277375615842271833301912	0.000000000000000000014729922334888119501075907608669406092015993952505737917827258981192116829548561	0.0000000000000000000000017899517429722613864369563058682359992897942337272072611741411003739903954799774
10	0.065512855685955088172143357749698516583371664973660732634356399760463201996438171	0.000000000000000000000032295959541309958826731150624559485099076268363064737761796060412120430136949387	0.000000000000000000010114509587043800277734956663901440486806495631705985764746000064629452426556188	0.0000000000000000000000012290951336138103866744932371407109552434259851991720563930613865201381885476964
11	0.07906043210907699651382174822251403671463110229233250674563899965760001140583328	0.000000000000000000000022178667059277272870598243809682806874070264656598742536696088247766741015586422	0.0000000000000000000069458924996106462587947190737817563430348338803554022898322309267027577483875901	0.00000000000000000000000084404806587705991559129038638852831056538123059977343695674389078756381399451654
12	0.095409547634999394893688456164751896398409448773263887051441348087380994586436429	0.000000000000000000000015232506985481712104249896324032046813532203440673150997267625807334934987599357	0.0000000000000000000047704650052033313841501980443860950296681989389211478819402224569002611996543473	0.00000000000000000000000057969102120206029062431649852041470024779034360991347587517420171409085012626596
13	0.11513953993264473221636278961711728389157571711570068536670971304545183680728938	0.00000000000000000000001046341591924012224591402738104733711211614247236541136930123356011163746116471	0.0000000000000000000032768764261321611610510210744797103279659455107284769057488877135700346017332839	0.0000000000000000000000003981899996314849821334448162151618105217843290145629460735684894757749051144745
14	0.13894954943731376371299852173530116221130467144910002049456286790316002424103166	0.000000000000000000000007189003193637821155930032796741987697122744605624100758629004193511881275732455	0.0000000000000000000022514010403994599381150696913892589416248271183804336984175275779637589255585622	0.00000000000000000000000027357369254615670339423971163275364573487478959041325646625453962640308528316555
15	0.1676832936811008174846240909253982052052040628899561221902793429885852725089302	0.000000000000000000000004940805562975993004973705538650868895699405615512350493467947340032465285452225	0.0000000000000000000015473186652734350330578710758442360258266379619457462950002641890764476500618239	0.00000000000000000000000018801295300112671932203248251723665342492425410876771043979817253547217421280243
16	0.20235896477251570524918283587533641174105509975487521041540776577819665373568662	0.000000000000000000000003397210042260635932830297322539551163219029167683761880976090700901092167917926	0.0000000000000000000010639035432272755485308727867144661815956289255654428563870408783994684829771749	0.00000000000000000000000012926770022803973905856544713693471599828222332566340371255218110469783611116952
17	0.24420530945486510852869695103055876012793471774494561050860404041477764603058766	0.0000000000000000000000023374167100017161298841397018832284002863796976677210884704814415491618470961871	0.00000000000000000000073200442004967900169657182178179697051736151764270975250507822786886667400130956	8.8934698963893791013482826900188401757831137623111675475102594742894359342924826e-26
18	0.29470517025518107282748546338220559934440563519253123318971393973778043167440063	0.0000000000000000000000016098392442914474214800537934512031242639326572118940947897545420308902954053815	0.00000000000000000000050414721617462202138075716919541593252083281998509752120334975939921318227802634	6.1244878818408308223513267082571873626269136770664443467436337917399282391003089e-26
19	0.3556480306223128953961220246950504315163515207154931275609418679537334910030267	0.0000000000000000000000011104144961219265687414326470346571508459307162309891812987797276831629034539792	0.00000000000000000000034774151832004065367661321956620997503615937759420244987555547421708317717272335	4.2237805698026427584067516263209020598680006115639370156815235821954132079341453e-26
20	0.42919342601287779264020686601912186785362380472290566871760520861459025568030466	0.00000000000000000000000076771406882906082772253768501626342768194010939470360007005858031868386500673896	0.00000000000000000000024041758314599835591134386257181222147906579534785465904619736043569788597849729	2.9195039613305413969080049178896519897262314167709722559287159843436595671168955e-26
21	0.51794746792312111347551746779609533650207263865787583874128717424065541975733879	0.00000000000000000000000053272602239635254047639242523122301938851114544436335152149093662585416531236297	0.0000000000000000000001668260610385210593725737307313485960436183862779919672949175566253034017039795	2.0251233881500193147932990047581612776812867395681824573563311470226506696384182e-26
22	0.62505519252739729431882739394106655526183216675079429623473110409498837177134611	0.00000000000000000000000037184395769579825402793328048416648990760233997174274635891881573044588838929155	0.00000000000000000000011644227046220932608053682925604707049007664263321162947251094171762294621711023	1.4127300852941979715540198887349872602747676153602464492461596492267382870956276e-26
23	0.75431200633546173748017424375542429090041902022968630818799222597600684781103594	0.00000000000000000000000026206009132772785318091319460373940179499019135301221430965769052212962943387731	0.000000000000000000000082060746740259443177077285864247490066260386558160199157179327569500967447387813	9.9474532226579021730564024216857082010855524326563581059597937940571634383428546e-27
24	0.9102981779915218627386089038967164583031447484772863277743782422522914841134995	0.00000000000000000000000018767447962867409375703387846415774118421244555899481689085897219314853955909874	0.000000000000000000000058764629148610936017755712284361405752410020771259877790097021703249951459037625	7.1139395108807077865589673181099161626474155302612804105892137320992398135855221e-27
25	1.098541141987558259826656320563318407830293553669031262131825886223328827761042	0.00000000000000000000000013804956419075359147027094346441785071192079202099785391129026394732195840153478	0.000000000000000000000043222422994285624130593168129763336553884956614743948288316094772768317599752358	5.2215508627196859384310023455463458093716335338765974604528305172011375453974706e-27
26	1.3257113655901090906167116237468797073686628530746431390980895603225555179182196	0.00000000000000000000000010608880356977445775445399720250273540184037050777071832705002363830319853268692	0.000000000000000000000033211526610586872649239542272880051135093557607550254544880497467103319350434395	3.9996681380340162352377929731599689630803262657532104740186505481636484539847426e-27
27	1.5998587196060581478817336190603642195134616408119653263591200985837842236926029	8.7221761090731003613607505969331980659610647681939900376813120364275762099256045e-26	0.000000000000000000000027300361731980985328422957001003393655760060628812303256696316533515186727795894	3.2735589979415364634957401733640735065998170264697017129267030177162237739365018e-27
28	1.9306977288832501670070747998401890352243827965414066462140160342784007428985121	7.8750475293441239382098146023333805030150386638170139793997774199321136470261976e-26	0.000000000000000000000024643637604984056985352068565577034526267599291516700975444821649991504094972498	2.9393888012999094769309628614782173639627876711236903645726244788095475384165895e-27
29	2.3299518105153720684494092859527478347273467268421426356625250004429227852366856	7.9463621332294134312146654188184450444758723591303788006574657668681170746620669e-26	0.000000000000000000000024861463700229675066706955532126534015595071661163182216040867489868935319618702	2.9493709450206487054429229688523963469381023629918988551559703909690117825002632e-27
30	2.8117686979742305345525812445227594539399232741198785187662220162015539415736466	8.9463275815430440983922372782543031432934565024068925887547275811767838427355042e-26	0.000000000000000000000027985019747871597101764473333910614979169125815200031339847574657866858384521501	3.3049326314385113565927051784387674030972429012907339716764135612277966411105216e-27
31	3.3932217718953285682303058812689668575375126393154853246620000400041515194126803	0.00000000000000000000000011017950533388606062769884611349249752418870113038552719340889655211031783709615	0.000000000000000000000034461011428344098418127604377780023774230800756451854267984730188394088687941804	4.0569184743016847584128332386898304365587690482247063618237316703629929457745149e-27
32	4.0949150623804252172688515885272552185156378658124161798793975978986367661264694	0.00000000000000000000000014457486061986572880165063055678261351450018754334347569526767890123408532879318	0.000000000000000000000045215547419107635476414476096366164238327228857962779748988289016716501512008433	5.3128608836037598587539008896111095439514636956905397851252311359448784252763763e-27
33	4.9417133613238344980734735821227832489434919727688105147757416971905238108606303	0.00000000000000000000000019756801620150171199573519423774205890478454049991820028450138010742567488517874	0.000000000000000000000061786571260341462935623630903904318457249083456080626718105528361341141405260883	7.2523567766109651807657094822247600582089439806432993046221387704811642317091925e-27
34	5.9636233165946429970040215544374196658490464038351738025795745070676082535696356	0.00000000000000000000000027673713375085116091871485955109767981327218096414562803340646634118335180590636	0.000000000000000000000086543785041063532772485501883807635352143026882201740282366263222210025086677915	1.0152749388491854375906811575815142460895823468091337778552533820128024444231573e-26
35	7.1968567300115201992878642496345693922298524210175791760133638728267835923711891	0.00000000000000000000000039340352771419820933800121957605523747759715188500062627588252562385110090960483	0.00000000000000000000012302751322775491099768772480932682224179835132116562134065987724324900818753097	1.4428787581869501443598814170788718884647612925940741558454854992832095637919216e-26
36	8.6851137375135262961930348246549792164798035775825177812987777845668968699807476	0.00000000000000000000000056425059442323738437987277683690293391544904482111056825010228283847710877858438	0.00000000000000000000017645496321659635198485543024225355138619700206997201480762129071966772662823194	2.0691933813195321539574150669602551307844707852491005591220240018205290468120847e-26
37	10.481131341546857363409056581557875156048240575165396305880830512232768528674792	0.00000000000000000000000081370950739647689883783373474831826403696642007250367837720540837590033870134208	0.00000000000000000000025446627656365603358419349631077760727685284360992751873205985487576411283811546	2.9837801626846409189331160000515761946897493830995900025848195172659072885940152e-26
38	12.648552168552961096972707522111678651826997312432469589115356900830352698978727	0.0000000000000000000000011774528272502987257167564515283308651600268116664462997986020867106561817715377	0.00000000000000000000036821705433819233483037986127246250369095989285090192901773204961799178173183907	4.31742259993180201631625247783260793859674687663296187542650711589638439633922e-26
39	15.264179671752334521029332600933794006282153652653988477642818863722161314752497	0.0000000000000000000000017074956036309696738417895954341784633090259141547576545500740859502022651424765	0.00000000000000000000053397358497160048767665837631325858371016026808390392272949378853340348325825355	6.2608280247078815769792396046080509239089749864178951366642800750230639448491321e-26
40	18.420699693267160388530177789422395807622920470012449505203533703572018869183133	0.0000000000000000000000024796334137984577852195590373621001409232647250345106614820127612571458780605753	0.00000000000000000000077543888813870061469954823828679971705040604210318066939431868656930882434750889	9.091898241379152927222259669610988079132877977466352727912895418435256687370159e-26
41	22.229964825261947539592626001799795797192860819997213241334602249960697687068685	0.0000000000000000000000036042809583532690509594684684577635654023154564263852388292504660827339442237678	0.0000000000000000000011271421930005142903912970438956184813374458804763226935867774166867681784927077	0.00000000000000000000000013215468741948025624117979947811148528816884453487385771959169982419448275587613
42	26.826957952797257476988026806276250153538555723672234800423488895394838190867641	0.0000000000000000000000052422611053640287552390902295316720961858148847494701605474101374021711581776071	0.0000000000000000000016393765374679507098973836017016498419165395196386861082496986778436139853749102	0.00000000000000000000000019221199098476767818734901672766703971522657261649932631634292729055537446593703
43	32.374575428176440200463507481019990365065674827041589898133544750303030188022709	0.0000000000000000000000076278021752541550902698840288171432826701020604332030263054229835572599915253054	0.0000000000000000000023853905523814033254855577589987082321315470139703917484623035563468013882414046	0.00000000000000000000000027967892704138959311551565852442462656616055079641156614739344050922764565114995
44	39.069399370546169839961823792420583050475813108562302521690784873635809981411583	0.00000000000000000000001110203201821275899859222416754078693243985562862868152537328616948635632560065	0.0000000000000000000034718628369973927075413103133593202989596336403476018275720654460630586126399936	0.00000000000000000000000040706303360123498135940682836659920143561199082812417204988722856149983243285902
45	47.148663634573936394285261590997635660214107438489150811938451854304556210704196	0.000000000000000000000016161758449453893548689445936122512038641126158431253380234634491126327373402617	0.0000000000000000000050541567340474721177560384769301149111700334135082408452476060617236060722678847	0.00000000000000000000000059257989721534360539930093384052782148413428108436405372600322787092362793823348
46	56.898660290182966838236581538659148147672461074100786049272154012203997307400899	0.000000000000000000000023530511516291497474183769437260137224959462402554041133350374334531127300598816	0.0000000000000000000073585368971017877630454740513715759122130557448532092235596713257049130267305319	0.00000000000000000000000086275793309205481363616819720813063095313794961842207221776408586997558076992928
47	68.664884500430011568928957050458235481636930305557967940049343998829725241548832	0.00000000000000000000003426200645382193761612436190628257970246693625463561207297080520146317911520031	0.000000000000000000010714524560783117382099617477182756217208442282519866990555086935048261885125582	0.0000000000000000000000012562318774573643759059125982705536735865360177653213828481875837995025532053497
48	82.864277285468441819631542975493917246694418557306235203428554614321256969511117	0.000000000000000000000049890822258248493880044237107406514206152147609496287272235510407576178309488601	0.0000000000000000000156020182319242516263765978709118047859220868132564358735164317099272839896837	0.0000000000000000000000018292674514084878435682137086102259220886046563929926806601805646419461655337326
49	100.0	0.000000000000000000000072651842514478680837853616677127602514316173156682739696149068492557026330945611	0.000000000000000000022719917935646228098248555799224634179727679588396987420574013330623993648087128	0.0000000000000000000000026638072084000443145688485390015237194865533447174807367122195319053569454673315
