	tb	Whl2l3	Whl1l3	Whl1l2
0	0.01	0.000000000000002928317673424400231570808027636351852476867017944533159466234614280496470356095	0.00000000000092375865733814116834860344775980761194530194741047636064577841189324746692037377	0.00000000000000010420429244529519898022706510608275145983942053442495095464005617599622842811167
1	0.013738237958832628959306640160922710114013528181478819177613092599958307411861814	0.000000000000002941950503260855510485489887133502060449583160809382305205873427656594454427391	0.00000000000092846551624605911769591000457224372565694778324832213213493117915552142271881168	0.00000000000000010475551892892167449941926735761895090767542928668692568385218616963265925915425
2	0.018873918221350971931204631342434726742218968656826046851596965677581191347291115	0.0000000000000029610078595610566162145231620811905212661189502901192934924045527077792500272683	0.00000000000093503552252816702050908571091524866708598877020661751962571690336608193653854709	0.00000000000000010552466558335384103322383889314989822038365395357637002414172473041405057406557
3	0.025929437974046673951215012362738752356098537488479576683747404108015213145184266	0.0000000000000029878138001241067983132343385266186192715730263077233920039586108946070717561754	0.00000000000094425882066539453239623600702071022189302305272363625901635119975203872145685	0.00000000000000010660391975947377212854589324445586269704897354177511214668476152874087531371043
4	0.035622478902624423589596848124362646760208187556644854310565683345863025258945991	0.0000000000000030258322032447013011558796658952221763059380936856219206879443167041394689376824	0.00000000000095730684747675357929694024360248076481086690398574758469204725458800600957836611	0.00000000000000010812977508337600348743457704613433389619036758204316817857730177272235700142281
5	0.048939009184774934951308495166382768440101385537673004792083951793588583641605928	0.0000000000000030803470188159289678444779542993241659592921364882506072573091163742489208615531	0.00000000000097595579330008305421716369006161626614374859927801799999819648915198970220651687	0.00000000000000011030887678305524401549043920111774358927134399407417896407679709793402246887482
6	0.067233575364993368332206450845227735732121873270195970257640915340179069214693141	0.0000000000000031596457882270362979480453682595377745208906584805513687613717153885966615686783	0.0000000000010029734043802423252760351110220922737846027550398257401643872937525182606393926	0.00000000000000011346269704642712464699416668324101301546743667507306486371213920033971863245266
7	0.092367085718738621912641280458004821038467316871551007576137747161105114162590831	0.0000000000000032771571742690780707613642476332444711287922740541651596165417695053844601060499	0.0000000000010428151074537240668345275300633788827935353257152975777437350682357578529343551	0.00000000000000011810785282097205626815043442373479171351721083975937696151010626948680279937086
8	0.12689610031679221578970395628108583258419507408671325523457316446583446065123673	0.0000000000000034554722215882451074285584957689214284914916964531412743523145857928742053194444	0.0000000000011029313172379088642650108264729890706869018452615600934083026539059101015294634	0.00000000000000012510683740001152704743732100513385517230935626819456167224500236396662265873819
9	0.17433288221999880117078795512374760016284128083952683619494148122160882999011503	0.0000000000000037342641821433509833761970677642282526259053394986685000932645167176945496289136	0.0000000000011963420652619816904208577446364027286892546457768873815470253289451155111098401	0.00000000000000013596475141321984779326945153221059384549080489993031820034681373531308433863855
10	0.23950266199874854432547785997084113252733184257230380782737663195513291327526143	0.0000000000000041867315867094464295099133773410282905337371548323878593707482232245837821757443	0.0000000000013469888513481542260072431071715800648033069687249666993562996888494603653508223	0.00000000000000015344591043217524477894191287117100448524520688911835136481125646146917814639276
11	0.32903445623126682523607134369212201097909084103455092925569743072476969011836073	0.0000000000000049558794425051783518334167889000218896010890648711335026852400949061404997157176	0.0000000000016015622962528556918835389739073634518814872452598450086954686232210871643424867	0.00000000000000018293583054231771155222154759728902034714757568099891764597967912477107559900642
12	0.45203536563602431417522135832625915658649537182493604573683842416465698556271242	0.0000000000000063402127803087661917433436958365001455767072833397496215900347447194138238881414	0.0000000000020574657202137537745660725053268050720727846344373453628041825554970812801041047	0.00000000000000023565805918567851902094463892874246310511975827139605794663929072113453616146164
13	0.62101694189156157812722630228819229975661586105626320239272156195051287742498604	0.0000000000000090111493726657284121307846621179620908237107418993686319121035621480786725063817	0.0000000000029337294454880571199854636209615288971138484285835614026694841916613937927507844	0.00000000000000033681859874515382014702824362602677759324048579968087445538090270882619022484726
14	0.85316785241728082825608060820294530715751716194991590081026278704584917856620063	0.000000000000014604046793197462617302876872143003255652657607706550911937607328966632967866212	0.0000000000047633741007988504217574515387787782486856346206185860515483241549791855160427743	0.00000000000000054765032935806513851491257420299516497817589160566512094889581625456946466687491
15	1.1721022975334801790965447253122265554735479827991093099677316207244668635442309	0.000000000000027425242975391510066018802284926982272730590147973409999872616740051421006214588	0.000000000008947058199548223045609339348643141249603969241816665190178985558222433430589718	0.000000000000001028701422635069191472942823794368980700868005613270228837812522874702582286675
16	1.6102620275609393488501012398230948473103578666561734852776179305518737939847812	0.000000000000059626411046342619410042349959023707158846451718224160389611562062021256361176652	0.000000000019424236689863968708732712017643677771809863872555191839155785461440776354110315	0.0000000000000022303875894885557476303917714523791512462467249563605106375946205077594947738942
17	2.2122162910704489916727329751434716389435985722791442906308234594477970470511248	0.00000000000014744508850944917142758636815128694856095219660802406759515741796356905870456011	0.000000000047896050080670379022688566258831729100453019099783740648463577442546739068154351	0.000000000000005487152616405222179467337886418415190815891644262328505151329649185433158892374
18	3.0391953823131974137696349371803063288044662534908382967664606460234330724345705	0.00000000000040331139731955681175585794719967383051618875027079124746612734656068870339615601	0.00000000013051776415419237119808867705526876101470046788858597005238051596966069232022763	0.000000000000014912664662257573059377289332962376302550443908506565930950291465166181777220582
19	4.1753189365604012642502414497470009642797121713815425416076323801834927118566092	0.0000000000011847407382281533579928384796846112831826622508551665728744895843942754669086597	0.00000000038182601059854730698073938847332368341858173388978221405831000451418135546228442	0.00000000000004351265882514188900675163506695247595149878438475390137214210393881786656880385
20	5.7361525104486790069155449911464680903262027517365598128824908404309662067405704	0.0000000000036411101954610947313278638664768838611011256714527099419367387151001112777613105	0.0000000011688602233708975298793602205780597630872253108277235118605507463476254291661229	0.00000000000013289723335140368481057223569020114335321274217708476493375380229135387558832706
21	7.8804628156699120238963939650959616422435469520830615419619134906715500088770656	0.000000000011459863969637296884990396228726856805098737624020316531853535183362805485938176	0.0000000036660893804222140296033855154525787938656159927470034883745102808000271450792881	0.00000000000041604317452700961503223235634629434066833731576981496704292308789385706651450844
22	10.826367338740544411827995675262436005031371380487483959158871306356671459556424	0.000000000036280241693481503289271865651603493867257062212649487877020581460637001192138342	0.000000011573124573306232686553983223905421998209903907736014997434949165584791322050836	0.0000000000013114260837370527676075005406225235158292507218593526990445571278665002387978983
23	14.873521072935113812248709324062362464042979732199789914551044510409996351888189	0.00000000011358697221230435355040700553756609110882074438381389262426238884631850912687327	0.000000036151699409248751492856436388932872996000333182994507516980931095953617759267102	0.0000000000040919845815616357872912237112254019197429973419660787414264461130413815173731768
24	20.433597178569419141866864955567337835025403986937927319136241947417341841092917	0.0000000003448761269620770603342113788085342111391552457675934330441975684352508747263816	0.00000010957761615562098198697553730262812646061137759061398604529689514955597047975636	0.000000000012392752604722566475882890597917957924054455159946517559010763364289859468811979
25	28.072162039411770294649050521142882719381657537648977826621751978649099364585091	0.00000000098759789514762043195682845139370637815013899362008020729803409107520446861917369	0.00000031340665324594651099985593335397132389772784554571101602068711545555197855839458	0.000000000035424337865850426076489847578559972050273671551082974330001541585697833830062589
26	38.566204211634716971828722171621921450773526016132459693675945886415091685960633	0.0000000025410241072156870798927523274649555975241429677139340408561367545742949625518063	0.00000080575642835487774592578537123977846359162693670298145017551018014880270616926885	0.000000000091041796956404675170916642021837952081749174653367213741653555716390922376119832
27	52.983169062837087241010494475895962312695181866772851224911213056749946581345585	0.0000000052851900995272509927443609267203113300537309265724397096792569988531344822201529	0.0000016755629713363413438371703850587995390116613544650438197805671681535700405875219	0.00000000018930125538543592807304943934908002080076527492307648541977460504201952880761583
28	72.789538439831508002216568650880149607903278294428831621169021730222263719965894	0.0000000063815225043357782337565436859376949759894198569770304594158827377753398003577445	0.0000020253432094493906857835597891252295231847174783225519787067120337969827326388386	0.00000000022893595583276947884006309516956185292505542123192682409075727663998192039064083
29	100.0	0.000000000012946264532767159321017357927934211307528406964823675365877632450953098133031213	0.0000000040488293903361752194389978624864828601668713700606699536885657349575393655415707	0.00000000000049325777789316934450537682645369638106795462514260878978583349681178789565513298
