	tb	Whl2l3	Whl1l3	Whl1l2
0	0.01	0.0000011717036282226329846337676681863820268766911362276757339530766225665899718251316	0.00037028196531288789851341599605358198303398870631580395843606309546485913582026977	0.000000041772550048675675955958923261793860334525591253192531716184999161050101850574986
1	0.012067926406393286370831703097648327681054619541514018611023822896171655598308043	0.00000046392474640497289852432525980872468380121801740584643971089726059452025147530182	0.00014667080140804656923785275917079440932078136678888617008788576706017902528055827	0.000000016549462043444527622895766747755399926691448478370622006223658104513848638428679
2	0.014563484775012437879551431015760647213295504088978407870255413479452815956562062	0.00000018715815004647192427636053876632255933611141491233196420100846380505951903544469	0.000059201552828044540904629518351036692638668459863732000026781836002555427116694582	0.0000000066815435054801242393409711698877338687126097945284520412182416015128352889890574
3	0.01757510624854791881389007655886166993236741554122847989724604641788810811682431	0.000000076917389758305839102913677059370113350327531215303055630976021545978052646438949	0.000024346289136237153399764371514936378384230354647051907342224752433607899585274505	0.0000000027485653878506069167335430084119915484261503146427986222138025821834717102414632
4	0.021209508879201907836396125355583367737575633496271870914196272329262573371491035	0.000000032190203912674848123240450687120986815598671059600683894665003113985295077620649	0.000010197201851709663844290062036738164980714746468303580090102299871605877565333932	0.0000000011516354394103181833250017156258801481923473596621764375863495599079947388381338
5	0.025595479226995357855864723011921338642165937028782850254378699345568246061328799	0.00000001371087388630223120018213982780977588291679251786579235350004422379314986938736	0.00000434757157563123259569133611167270437087577390094435985678535693266948257080114	0.00000000049122243574153127496518343080910917490520541867591521260720141896017371909039968
6	0.030888435964774810024309268245631085834514206254223003826152793842376421873227427	0.0000000059397386654364338470745871482113526172193656741451125279470301466159524371629444	0.0000018856406806103138398585775210620931712256689429049086643882388990237760549524557	0.0000000002131723472803686109291065971046030826610121969892038898149857344269362009978979
7	0.037275937203149401661724906094730409920771828011093488533716004749210918776517449	0.00000000261541835300696782172882358421493898871240141326812934441830187720097730270802	0.00000083145500662289051844662803897915176070793272867198939623278918200590100450716683	0.000000000094059165199972449520678105691194610618137355844841710821893187149646037009576841
8	0.044984326689694456873860736695528310503248313303876439272592381251367183021484705	0.0000000011698297230228000318297542382670075278893649711618582269858585596895795148031013	0.00000037250469517342672810002011158079938204814125604034753822917069722232710780108392	0.000000000042173734785298725319360563635606970941764921979527001442002365601487175159104086
9	0.054286754393238602676798984874106473943548354354393201062994322287812924626477909	0.00000000053125691855426358578034207798715915449091823829615561967973370479151728884785051	0.00000016948784691955190326522282301181519643011138444883432473652735610568906299159126	0.000000000019207123714908104616947702778494964329642278242954110304069025989547005955727426
10	0.065512855685955088172143357749698516583371664973660732634356399760463201996438171	0.00000000024488701990558018878376701259223138539792264188111111166202124218277273056735079	0.000000078296566856354764369503642762222331990676113109183627293992960071668899823735031	0.0000000000088828777066016811592950421125091010265734414337211390620841769906557378963788291
11	0.07906043210907699651382174822251403671463110229233250674563899965760001140583328	0.00000000011457691455448159670840775312473264468149596454590947460630048730113699014487796	0.000000036722749344888216252098159868166736264756234185569611120891520626721270509840636	0.0000000000041717191603977011975913117985855190023064565360532544294409103094637135648437763
12	0.095409547634999394893688456164751896398409448773263887051441348087380994586436429	0.000000000054428333054672181395190956698015583948450204131718336129267066800948051252912716	0.000000017491838570312127515546597816825456272031472416846698042524110864575822739149783	0.0000000000019900915217489048692901405166881268810557332588282960075452725556582254770417394
13	0.11513953993264473221636278961711728389157571711570068536670971304545183680728938	0.00000000002626825147970331820986940707387289658036230106517101087427421138136737722241107	0.0000000084666026426183594783774058486277514137578255475642661595367909274144766704700218	0.00000000000096493595493410363403239795852816839342582742092932681014778297884177250171204751
14	0.13894954943731376371299852173530116221130467144910002049456286790316002424103166	0.000000000012893431215899088983514419865840988098546686826201195077303146847162517394577308	0.0000000041685215765005029741143045517643521706747479187980269127293097818277839965824185	0.00000000000047601335057370680646805438604803860186365412713268284882257653932173153478757287
15	0.1676832936811008174846240909253982052052040628899561221902793429885852725089302	0.0000000000064457304302739783615024669936123381745954089212229340138779812663828856923023777	0.0000000020904960872647013960733910533666244553348562242195598983589569321546535403405892	0.00000000000023923652602018524524209805027215811320030454195387716526952045840406088645275976
16	0.20235896477251570524918283587533641174105509975487521041540776577819665373568662	0.0000000000032882316854778588261206128074229684936103495536464620939070124991165248966638812	0.0000000010697431263169423703447366350491159516944517330992915560717807257442623288145592	0.00000000000012271072354362799456191714446280100948907021616156172815664462767178610401893591
17	0.24420530945486510852869695103055876012793471774494561050860404041477764603058766	0.0000000000017156841766288925772808119952866887998269257953017415915285233593827936420168764	0.00000000055976978648902499658242067495125971611748741614636527891275487588930344218218894	0.000000000000064372909805842264199015821161332024894987924564868749281222344015906241736612975
18	0.29470517025518107282748546338220559934440563519253123318971393973778043167440063	0.00000000000091801702537593050535597775887696125106496339382831390971668814961084056891394134	0.00000000030028181031965397968788062955749679463561565752691479057752984296583081736352688	0.000000000000034621903856857266929452282461298823769469088440447012664052363834035114814369945
19	0.3556480306223128953961220246950504315163515207154931275609418679537334910030267	0.00000000000050521151955967498493544935284454973717205387939779255636271841023076388527205253	0.00000000016559644801559290870442324148921552811934811164883179984133111834081415709450328	0.000000000000019142541766934234809727227459376522966662873569516726259051810079359523476793462
20	0.42919342601287779264020686601912186785362380472290566871760520861459025568030466	0.00000000000028683783462302213265542368595347367479123124326515322746401541735828551955242009	0.000000000094159683695023579968148249217095613417624079470471086759050955691231333763226653	0.000000000000010911626351111843551188136118330417738345505153906154932776609282361441338324387
21	0.51794746792312111347551746779609533650207263865787583874128717424065541975733879	0.00000000000016852483181833991352254079933408977589925196732706328185492364400225035533726162	0.000000000055370074482838646679103403863475283623892425147210507867345853229200624899423459	0.0000000000000064308516427027863100389128149722626210979060606598325862049624304520273102460303
22	0.62505519252739729431882739394106655526183216675079429623473110409498837177134611	0.00000000000010275407116652780659918852340744366731624924181161713802461385356946581720401404	0.00000000003376968019449639674889958540217694385359036303319943199660941734779048814945893	0.0000000000000039293825011511599624654037991589431622639252763542191744217693213729967665092721
23	0.75431200633546173748017424375542429090041902022968630818799222597600684781103594	0.000000000000065184409297641279372881927825030040215678150326945345125943840420887792195369487	0.000000000021415816853818794616092203961419507755197954450279218197263946296558629083234212	0.0000000000000024952794583100519590738549426137003475572823096236582795173259082528083385085695
24	0.9102981779915218627386089038967164583031447484772863277743782422522914841134995	0.000000000000043114666022761156693009761516231820563660806045622828338732756419724696725384734	0.000000000014152288303013530832996590824849355274852216866468250987603186972787494157697434	0.0000000000000016502306622253593296007184704520069973142732360118133418535154682619928334774154
25	1.098541141987558259826656320563318407830293553669031262131825886223328827761042	0.000000000000029785602480671763612195901070868473105673868052655398602195740586938414069503566	0.0000000000097618880113044003675373980154092642577046222273518542965512843122902109998163513	0.0000000000000011384611095184255959391632703088334251260095658673888919688332362689036779993776
26	1.3257113655901090906167116237468797073686628530746431390980895603225555179182196	0.0000000000000215256714391290210927346386316222757712483579269575610873359510947062940759416	0.0000000000070378985605462385009919898030947245783922401705572538739900836332410286944040084	0.00000000000000082043542348004337126029204906502617081373397098211214947173970428912012759923714
27	1.5998587196060581478817336190603642195134616408119653263591200985837842236926029	0.00000000000001629975322694630114148218059215887183175636928628718564191373355976454704559072	0.000000000005310447844693007046307271470332702674124042662538230025501875183240073140434826	0.00000000000000061852027146464255763491701674848491693207297654562399834745864563036125266928423
28	1.9306977288832501670070747998401890352243827965414066462140160342784007428985121	0.000000000000012959799007115735844916333227691884168442791160129526041692078036148413636705737	0.0000000000042011801513954176386263724227298444625309492321267802440056965601593632075539529	0.00000000000000048877855870989828483514612846689261381994251274969051193406045490584676234779561
29	2.3299518105153720684494092859527478347273467268421426356625250004429227852366856	0.000000000000010852135379127776944093223520858511288413575796580251652518322544716088670190564	0.000000000003494316672277464679255136924967377375427109753631169161981041582474543562424852	0.00000000000000040611305447128566494331326460287077510530529678266144561974273365108288689838538
30	2.8117686979742305345525812445227594539399232741198785187662220162015539415736466	0.0000000000000096093503283532144521921064512001327166622585080382003648693593410910606836641695	0.0000000000030681277561293671828093062050271469140154868905021158774194805891382230244490414	0.00000000000000035635489681117289842865705650741214711872219388880026973532988408193404220013041
31	3.3932217718953285682303058812689668575375126393154853246620000400041515194126803	0.0000000000000090400295698658936172575696624663985228454129174264038645333478530812460781719791	0.0000000000028585028756773902263360256895840606781012542013840189099352765176893647551992855	0.00000000000000033205143853711810263986044239847117514711007842082751512367910103422140669646009
32	4.0949150623804252172688515885272552185156378658124161798793975978986367661264694	0.0000000000000090723168905352438222662872988904670930434728797662479039354879556547189955972219	0.0000000000028401905890017652363759319306185233612789520172356183740580413660704153502011183	0.00000000000000033029675636136135171198143846933212437635138368244585917705833045428776013362524
33	4.9417133613238344980734735821227832489434919727688105147757416971905238108606303	0.0000000000000097290821545768342395174798824566142793132040130316172098179144942690160602771499	0.0000000000030183936859444324879082911042536616074655594852340942249925124800400022855726888	0.0000000000000003517638957228496901204524586139827013591762799450930069249648912172239484634376
34	5.9636233165946429970040215544374196658490464038351738025795745070676082535696356	0.000000000000011124002511164636107151442567550690221036709877391213918035153091362773597117121	0.0000000000034271696524206519631529368556903345781139190205646924091857032671890785383666623	0.00000000000000040053100309247176115212641571559994547233909621261560349351026567994991751769595
35	7.1968567300115201992878642496345693922298524210175791760133638728267835923711891	0.000000000000013474358924708743629666197864743791910957358730206239355311515959719818001383736	0.0000000000041332082187983754126361105901246525472191346421876766894898735092626621237792436	0.00000000000000048453859241466962246338238739009723010085467035372352052927381055982525329371023
36	8.6851137375135262961930348246549792164798035775825177812987777845668968699807476	0.000000000000017130511620523475577279374902144329282275303619078247181452873249092909626750308	0.0000000000052449094810606688770227718769168182575615735452095355942887958812122756477400366	0.00000000000000061667232522304952898490548901022601958276519135574951619547112848204260826727222
37	10.481131341546857363409056581557875156048240575165396305880830512232768528674792	0.000000000000022625305239044788397330355569765491835051594711270405044239040119624668868496563	0.000000000006927742392842554382306706265011720062265217547000624051222989240663020335224265	0.00000000000000081658942703243754943229288767702100262453363921611421333102697442664256798624248
38	12.648552168552961096972707522111678651826997312432469589115356900830352698978727	0.000000000000030749967006391110620580586214835693144144317543080550063174514235800253349317239	0.0000000000094279154237276314637378676785189961837119285171086561311454933775752514519942978	0.0000000000000011135309249175542169754606084921209148175458297342259338020454139173190772594485
39	15.264179671752334521029332600933794006282153652653988477642818863722161314752497	0.000000000000042667087828548447704911649236151556329303397673726902563443086377898797300293212	0.000000000013107659721384243012233766071232341643573833948397467678919899341935978831810129	0.0000000000000015505120795208787005251006095442027330919392603112709366091335350426094096591395
40	18.420699693267160388530177789422395807622920470012449505203533703572018869183133	0.000000000000060076701402174266159712494618008554784745648161190120014558694336119032143762582	0.000000000018497127354071728601890484862311740286997618308417092507483575760381834336300301	0.0000000000000021904852778778781015972941695660498269268580836445973562783447396816147344051219
41	22.229964825261947539592626001799795797192860819997213241334602249960697687068685	0.000000000000085459131425982003423049631951393461409790514131298580981745181803251254993998465	0.000000000026370304885347483406370431630037498867307679904470561876272320946190439276758723	0.0000000000000031253542277177481685819390280460239503375272546023945435607824312722763171585817
42	26.826957952797257476988026806276250153538555723672234800423488895394838190867641	0.00000000000012242928492751812984288018483949834856504499112681930161462604741200290371985316	0.000000000037855787982491680973691059298471183873458457370101527802069334450112023498715777	0.0000000000000044891273338177651314276963208096263066541735021606704523230025623685470093512122
43	32.374575428176440200463507481019990365065674827041589898133544750303030188022709	0.00000000000017625301942736479938114336282401137986629405522381108823360915533571154861924232	0.000000000054598253617422452732492161947326575887358865663505103228762336909589437543308086	0.0000000000000064770907042949397026803791859427682887395923343476149737835514467421283296490678
44	39.069399370546169839961823792420583050475813108562302521690784873635809981411583	0.000000000000254599391542305954214374394713491433882695422212529419714598753627846536008345	0.000000000078993718960859971207480508369113010951524110799916780559432214026899770951197022	0.0000000000000093737423650803150858866634943324726870362870251403705885620823638110513623673634
45	47.148663634573936394285261590997635660214107438489150811938451854304556210704196	0.00000000000036863632326431865157293564379885962223632277026995786761942209613422415669963711	0.00000000011453222876529803693493137359226135160271714254552960871887350641466589927300232	0.000000000000013593482252560135716561124984282851234566386279989921649572991843668802775749128
46	56.898660290182966838236581538659148147672461074100786049272154012203997307400899	0.00000000000053462632460726770880464212669889092455913250141705596023614262604460247202908483	0.00000000016629697561698300209632652141307596156612780056935608280696376995729379816904555	0.000000000000019739876666536476345415145305225992584201894726286412538950009953957483583925627
47	68.664884500430011568928957050458235481636930305557967940049343998829725241548832	0.00000000000077625041000557812859249246379637728974014094530941485389841421435255191268200034	0.00000000024169122710853621855300543619948368796916429122928813849721718525051196339919714	0.000000000000028691971986503663994794664813864784095817326601411840445105857954230041179964875
48	82.864277285468441819631542975493917246694418557306235203428554614321256969511117	0.0000000000011279924652053533095639339385191893071807057393936891810184544585670206634388018	0.00000000035149700975156393241367752008766788966182086899222489534321797335564407220294815	0.000000000000041730000425918392075957264568697703981167471587056541194917592727194099142474881
49	100.0	0.0000000000016400679501504338289113077907003206048196493321727758897492372574613207175940352	0.00000000051141693966889709426872572728857678183506937650705000522005615889701282573624241	0.000000000000060718453543932156267791930735415953621057387017669788684796868308252410880776881
