	m6	Whl2l3	Whl1l3	Whl1l2
0	0.1	5.3671645769086589075745947947579724465952765246685116401906493783092400302606769e-36	1.68096411426185090793273075643163610517758156693869382305057710000207450482162e-33	2.0470455742220147365291389803316427620952009021618195833550453721059758890835755e-37
1	0.12033778407775895498239640770431763786298404250453128277430639102473632896813104	7.772298054335391190939701857265061473138275941677894176321135074324133823896362e-36	2.4342344509646898084125225875011461287587160900500169459014640323626969310801012e-33	2.9643631654432376224500475234134233159468458848347288420465026182577574275978131e-37
2	0.1448118227674533666352114050535057466308525408301496112587129039799224385673547	1.1255216412020032665372951126735145144388410188339279654171714028169292922666144e-35	3.5250585410805548713685225898149198370230233736964390308748186750795477411448078e-33	4.2927471516875286079380728220853162286139774636585830788540300205680903746833577e-37
3	0.17426333860096501471714050368858326275344393605772895444378037149488747271744414	1.6298893652715457436701219144766036745487726063959804192859145676593465131294565e-35	5.104699924317137240683845843468080007730483810678402822135677939260063632095112e-33	6.2164036335442202727049527935942471630023880711266966578831433946368870020707666e-37
4	0.20970464013232325233942615801676567577466555516317545286211947428272059349197792	2.3602731770943786857237855440996730946313594418984032262624783631850683121677294e-35	7.39220561617663934623651919347219122290835318473988057772408153413615166009482e-33	9.0020845898494008035465571785815606577553857286235881585738125832373920146829154e-37
5	0.25235391704347660629848322524084291725319790219501911106406412803806382359604405	3.4179544481928795686969266698951062089708194120629621101798776992251491653998504e-35	1.0704780624618381875884017983874451430375912599841738453846842757578204028851605e-32	1.3036077950996596325068328822097568850446937098581478248716782654729977407888041e-36
6	0.30367711180354583332815008889520565909335908898849948054461381899839518069084088	4.9495999449445067420154189296438325358685535259656977079666862111058674145583167e-35	1.5501773327109013687815829613329993744938288194955117649695534673078926539546724e-32	1.8877773349343608107637712733318762441767396407895617088300085050081519132889425e-36
7	0.365438307095725637910590077455332094869746999496986712366473307851666037465686	7.1675991815883733013164971456137153935468580228077530214942635785785987982785204e-35	2.2448370449642391178140636886961839869867296196548875722849502217726982380539938e-32	2.7337231150612340356144651494694766682386490432520676322047507545397028283294649e-36
8	0.43976036093027200008446483656661370205864648958772811970946895253599695009909159	1.0379514615556801981051782119725302005059761012610708717126250385576538514728558e-34	3.2507832795872912391318484017794483973148757672654149939002985758340946997120418e-32	3.9587510545773618188723065047455830377239738683932306007998940743716758900481527e-36
9	0.52919787359584417116031727749057727682839012227009734171767126635992309031477458	1.5030727596308871820398310068042907819883778773419640860737303981577677482446442e-34	4.7075059155493899228153317363805395928937150037461569575895801433998737898541453e-32	5.7327331796074043355594447732444102847199490050931518246266207891528324974089851e-36
10	0.63682499447185872796468441391873268353005743782983482379558617019433473831843864	2.176619186533623447502058992355604773291527662121051469051636454295094954008481e-34	6.816999383610944174035875659896813335569977615934632009155960988776584635761186e-32	8.3016626093150119215357066197503534286023523453012070989255312661774803464200356e-36
11	0.76634108680074575761131056658099408993427905435896941538096760624319727662166197	3.1519854090421754775892964466433584785534344382876091156845777180204449399343526e-34	9.8717685785636110226332873900175516505251297941645272889958343774848449753233988e-32	1.2021763085137042343889066589029948027290259366491523029226460135641010475866825e-35
12	0.92219788233343276088046174199209634776970977786144753232908689963924455547021632	4.5644133547292871190079523720108675359928343966968969340358588222756559831528914e-34	1.4295381114032224290011714195554202526370566466561313969383611995830369543455734e-31	1.7408881822210488089207122076294995746077707350649493108405300295957482914450078e-35
13	1.1097524964120719117458335244039879849180874182170492458366756414592850042927983	6.6097400075664980338935096402786690398189973409870368471223958244617027450652721e-34	2.0701184460665975898262614386424381881500221777615959185246304793072202885897789e-31	2.521001258350785756271173519848607224672769381687626609116232137820124773006209e-35
14	1.3354515629298987911824550830594025799368375484502698251213117071107062257926061	9.5715415953592514824026278528365491509908794216346195350913432395469706751468484e-34	2.9977320505658332238825754501103681934901240737031617209862483825564591941820436e-31	3.6506862214253528059953695922670937541964614562374897272442732601227232856667373e-35
15	1.6070528182616388583821230778856563285866781166675335244162337528738288877671594	1.3860431819159761049787635416292206436285201241514174176565223822144731617799594e-33	4.3409806815142354923567484822557812973568485992563438913430862098589379482396491e-31	5.2865812367535257458031953467362617268289857593849184912976872986939150179423685e-35
16	1.9338917504552310017553456801290095608861427504689827649515231431945100593644192	2.007095065982728885459273098767242582826964973129817933350792999630720916107142e-33	6.2860712651234615679263409515284550026542156022946236262336375848017357024285245e-31	7.6555051733023764669758221824000010197033019353412776176058154177787744703447607e-35
17	2.3272024789604089152381450436179930870990384663080580621179034794120270834684786	2.9063906508899629407068503424699747588540937229473080035581742351159512764581152e-33	9.1026057776393928005021947549165982108769709540549846064093188098236042277548668e-31	1.1085894837002206121874712455163206541263403705146912525233669208271863608012106e-34
18	2.8005038941836306539000596681205401651183406254758088841619264460435165186743223	4.2085537805612103602551564850962881859433536175803823863393237627919209233851642e-33	1.3180903711673435149042170824310274915844366676976510016400291568718539876219843e-30	1.6053317526939353764218132120421903926250053584574801807219250137962152954091319e-34
19	3.3700643292719285820065490690695714886795767071667989478605535437210254806143057	6.0939913820063895318688810688762651910815348624499758983708353329266388829249836e-33	1.9086000649851320043153868210672702153343035188640193757443239444164600701250457e-30	2.3246353857546862031856577295244924072812217131425959523612304212947186888742749e-34
20	4.0554607358408289943256622736783096430075004279658217594605164359854666914505831	8.8238272650444118579437533464725479810191836569219980323928452268965701363936296e-33	2.763574703102349929059142982930512712504007747252019634259232112666777200933864e-30	3.3661954090749435152167873059451245677481555224730025364233228473694415106003407e-34
21	4.8802515836544312669122200391442379890428657820471387533537073159724900602652139	1.2775945618256378860065447803392850503688252011634761768632271774020893385424799e-32	4.0013709729513478205760852975807085655662107875848884068677198229890465064894847e-30	4.8743425379991570247139708466271416252089750713438501671097231546584601868847186e-34
22	5.8727866131894814363668277928642036985132879581648804276981806229943891964182356	1.8497059698211878064755208914364976869297536830434544729650830403266549104077866e-32	5.793227944607355346229406784432127564045233850296351882954775163270836545427682e-30	7.0580053141903952074161268160990153447299298574229235361648778707195257267492121e-34
23	7.0671812739274911803774222000854394382988279951030877786554911040322949206772212	2.6777862338835474972631357531275327684405287977870017141432907622183735144539199e-32	8.3868100621465025265895307879640134185819686984352351363919996305248726322417151e-30	1.0219577537132418935662348182081868899438264646652126024177640015838546603779358e-33
24	8.5044893418026789585792595332265060349520160775433999597705506770109276223718619	3.8761356162919617814881744613675208018530000909191539455650861496252935682447242e-32	1.2140148096627865737255962808608940733937134777123559178077386598123999182743648e-29	1.4796641683462222284214770294052386425575027602654210515874232107633699988586745e-33
25	10.23411402105453155016360449552893210039126661620459093981129840811937568776605	5.6098750041537203664779453542625995576478156972134061450646240142880225653342721e-32	1.7570489950801504365658578305512458625618933542217698185596630561329044791623995e-29	2.1422230044054030691235417840193571946449007028916703427389494594405851885450185e-33
26	12.315506032928256813526642030654711701680163118824776034772864668256847817984101	8.117329573666614355920238004348162733570699850300839214671937771880373832421789e-32	2.542445423315995371734377742908995747324879733767724419380286739263333730275833e-29	3.1011773803869398918662638856905352467268097134601182498687448573294797630346227e-33
27	14.820207057988583351225970196030241113564075644800887616763864594644940095788776	1.1742068105244931264867436054738918701167362299347000638505626214068548719158883e-31	3.6778472179626656018583931936005159338859517973546657248677994644556481103471382e-29	4.4888390150529507064956529293890651750491804473754823015555775039155104752371779e-33
28	17.83430876931909431237754697175629031657735068701632714203173111331110021339945	1.6978571756313716206971568469172655052812261023806435760131271155948700100174907e-31	5.3182008136188889320930878448727093237889613301982706620994149511566377572896216e-29	6.4963080172755488241316276155380188459342596477976252118085435777059643328116041e-33
29	21.46141197858404211174158708763578184666977778825814129515511043333600717774548	2.4536963384524173612869964634504196182921947733123409011127866522503958077267982e-31	7.6860653343659939751601885351595033893601301382806485361547567179553301010671344e-29	9.3993257565218159427158521537688874313457238115165352021804733280491861472249021e-33
30	25.826187606826760533910425184934556248424244487355748446346451276799214066947737	3.5434053904706985480244502233231180229945716432693527040829496852346581819148376e-31	1.1100198020784687160240229991743519365687397538052800015019364042522482043227263e-28	1.3595240383671256963374549382168991545214301742347743187510206048832507759385267e-32
31	31.078661877820129940356035092225485462439949183646919735438922764746593943154322	5.112008396915909799944789110480705497333669985775138568258552033796253921007919e-31	1.6015382836465573725637455773324385949496697167325183706404469417723849564566565e-28	1.9655619560979815459358025789809171310352193389959468146264281749470733554912104e-32
32	37.399373024787974574850323233584365926405250684796432517183892638572860765527397	7.3652675290900622579983322481073500774521433405399367070039826922826670321430608e-31	2.3077163432415816209115642474351795635497045603687316834663229857543527370648281e-28	2.8400668961752710466737566878131129258596557887210285274756388449781280788473329e-32
33	45.005576757004980935901687142776790393497138246664066983677218371641825242218111	1.0593095775639305631616527112804166867963365619357305649429744720964195950247863e-30	3.3195640542800259763776392400012932054412875387457806996375322688375174176667072e-28	4.1003607451572282821755496369156971321757870052796092344380129524573926520453042e-32
34	54.15871378079472499793391495731333666331786192735256358981419986633672209735435	1.5200215375488381669228042899790862396962882840391058552917011649652432116782232e-30	4.7642355036708973280351759593525545678653659937217872953338702462801008403278626e-28	5.9135377515709652008681124737629335726730376319647514619601714784250817959425645e-32
35	65.173396048824239519260808731035957182254082266589478664497258921976317408798501	2.1744737286119328333713143655110993276593558368303116761978083281339047464634461e-30	6.8172670595889242167222533843070573145405716880285795878681448910655380362962105e-28	8.5162116069010357766383711780169457058627218843440408970021450987703270236111519e-32
36	78.428220613376799586434869918596042865966153375708710944643299391367042247279941	3.0983840475878800263321582729655130585762882591460767603230486031848105708771774e-30	9.7171575632302115560804593714204102831296384121396961578363184072600630186676106e-28	1.224087119995753971465539362831938865242509728775506383126019030648114547272824e-31
37	94.378782777753812952687092432639993987387124522842363497834665338955220802210251	4.3922586575084158873314436707211257413406370007231359505227353707356920574986299e-30	1.3781125408564744389235811132186728975822049704557763260576036823866078148875907e-27	1.7549959263008468903843813573307562986220085597659805216027242737711109519729084e-31
38	113.57333583431053869585589677831132668759997702118426285243789204048313108349598	6.1856182162999947769863453188126659513615040997634267961827181513170946135517107e-30	1.9419118783107614992345246678876545086922632828515123757597196405626784554812216e-27	2.5077907536786352233682563636481279092918403357424879595211446703895444249701506e-31
39	136.67163564620065302846290536423727139983597565016555792033720300407065763123814	8.6386744989182378298573542862732874602957744952494933973756221833670001549914609e-30	2.7140286298591927476169725613447302411001849080146124957802098812054440705870191e-27	3.5679231289741880566033454333765906591679000817724893767578775190929446092451047e-31
40	164.46761779946638168381515705245122156804998062220489823343007393340001666065936	1.1938249644135216508890481841738160111530515895567526090581432720529352429617243e-29	3.754199962845421467234600656347147984245607978432279280512983075379237883243706e-27	5.0476527691132737374191060785171685338753616216173237424266643661281742415130095e-31
41	197.91668678535570842859189173084641070279321813100149823251638528221847325013942	1.6283186030911526302716334002394378723578970632962914978846263992987156258907132e-29	5.1266591368796391952296822434675224196303738571580211479708843269576992877207935e-27	7.0894722809278502994235843802605760541567402040809218694823842981478780043033509e-31
42	238.16855519761584342054395019268312209717976622749712416377265337681451147538909	2.1853277502411633615038516186574717870358244404467927433151495707316057245508774e-29	6.8906881223218495158935178267789337380851136133432892818333411303335285116110094e-27	9.8656164817916054755652716470192918551888232040970044475354698552508077589806518e-31
43	286.60676169482510642353043373268433358028671833686513840880378251458613320540328	2.8756051534157322273133304090101156188055430442927052235312061378759424204205181e-29	9.0841919391205271317472638797419788895689741272931954611276403876974497037762794e-27	1.3569520513464015391155406607533259684693181825997969196017089189210422504834362e-30
44	344.89622604057579854850138453146101025115653415848868513726932312003657397644847	3.6949418093869696749020559141799094354918996165840916004089996873453366085172766e-29	1.1699497665227635534172562988477158703964745010967314497249253168720982554103702e-26	1.8393370849588727160050501903147545354107568769260874057489390075689858244524205e-30
45	415.04047578504755795644622281332078122703376351019936507707695771089549929623361	4.6147305903921277313279789523320705496610517717194180449386008423562313993236719e-29	1.4653318621612187489761214718857972891434968942044385468975774470652298358715669e-26	2.4484924535959515463641616249724403549063379357023966563764066709704800169718233e-30
46	499.45051158551397131532206378594457120215560537691323128715221645291391884799373	5.5730590511315430040625472672348476771384877159726055039499951179361183340706312e-29	1.7757510125294988553688755780411600906943842748182560054804619585592340931813396e-26	3.1878292134704545847719827555907773866884209346827185825178895903327108891933269e-30
47	601.02767820703827655438258771865271116255556070347630048245636427195474875640516	6.4703661242245323842101686401460581580346944077888602049082331181468330086615555e-29	2.0702994026768658163354519891116668914944399631665630432644583005073938091250442e-26	4.0399932523309249541799952366139359401225300101976529127815905224913915281446702e-30
48	723.26338964835363576608879918540796467262366446922730184887799040493517707807932	7.1748626007401494233117255113581932634691834122938153312849443891792917299064205e-29	2.3073296538675841793308890234876634004615228155866742218923327709906704618559771e-26	4.9565035431236029266869928141291791429922078139096833868111470473054949134501702e-30
49	870.35913614851621132516030795051820692322978884484362381361574721968272522367051	7.5420296120029028555219357787568409499576996945381482097922468322341890177059165e-29	2.4402150844384333357996943210230975098387667580602813397882808481384689942646149e-26	5.8500341899961926890260532505019899777296972192714686529498652451347281920712048e-30
50	1047.3708979594495264523539291314579735302557043121271899710190930876003833615054	7.4484158395155363531000940751447631116664815064077927565542497788670080741760951e-29	2.4277689873940492344630826285914518253247204210214622381229521270995286381099535e-26	6.5950285465417170248501886985490852390085409770335672676625443232822155806136977e-30
51	1260.3829296797274437742659069751171289268986941236754472905856151514861601547186	6.8330047133682018447512272803779542234417343784577495640736883517091936572983065e-29	2.2474362464153182803051423851741217026369596563646687826528354667200323683976482e-26	7.042828679211389245850756104913981707061882625278289944016564021638763144303023e-30
52	1516.7168884709228979732657895432429681773820065298391223829320540220280696397663	5.7323844760890707670046155397857284650486080426392479389474884441811612403248065e-29	1.9070747072539279877789881853331355908554691676509632748265119402765641957086267e-26	7.0543912302185867053577717381982523290538916328296690347363417986227585457972067e-30
53	1825.1834943190433022861174305599893386061470472115695358877176984942227932697871	4.2933409221239170109527118803893259623110581271248718051988941483191819890125807e-29	1.4500818172129984540057765313401197685595400233144066035579781878192495343648644e-26	6.5460170863104547780875729681843736495356023145028080438941309062403033958297217e-30
54	2196.385372416546211665209632440792754215941724297841165406845489411869825386872	2.751838635199340396529803320747259534524372938846175565531516718517939456621087e-29	9.4999636558078636588592170467355016098704570399833380358236987371326120614499866e-27	5.5335630364152114774919788041952676781886522631385891021689384764215870580631164e-30
55	2643.0814869741052734311846257145367348151936097257109267377959381423337384313201	1.3800643243633733783140716536479281444400293860660758568383515033701940366296667e-29	4.945265756804460785870384854836614296854072913553209055980361092632399286781719e-27	4.1542555852406011890106409377382243069089251935848454049246342430723398610984312e-30
56	3180.6256927941194834784764357439690697423351834485028409314362054617989336870164	4.175601980383134696375950830750998433335683120929596202907746444339520856097715e-30	1.636061306640245932590777296225534749209095798701579452715028460233470280157614e-27	2.6491207365909356210568590884464589911027782750566818133524359408163926840385953e-30
57	3827.4944785163123693485578921295378454745580610245065948866623585962682831500746	1.0614174808195345887346108378901283176833391304745381137594501785484220173537831e-31	9.073612775122763294517163449578002132007683649744462668873713519441199418376886e-29	1.3048044721021376119847712439049227118057511574354461265241531591819496277815287e-30
58	4605.9220411451060922951572831492098094888369633732035415910989343215578787409171	1.8106620138871661711742610180813062118368114024216059572354628702533520201254078e-30	4.3117045837353612676463574268940829855454764951240490801312813126117734064934551e-28	3.7383089552693406561218543955391520011011171610465995110684459108248626858467176e-31
59	5542.6645206631057424152838072862586233306121165543188189153249679714456006496402	8.330514838531821123177111325134677058463678414972671410421807771128963374451234e-30	2.3888931473100335827669050656801891215480068638092383122294026921004550113186375e-27	4.6162721181356501254172685470868195317514737385999811164473851787609328117773332e-33
60	6669.9196630301215654469826423112604032046326862401624698648343296253258737552416	1.790959784241548456234192659231793524450786119917970533564626506515651154942883e-29	5.417521100411113808917939785265197090390283034228361193837909788723096258751627e-27	2.0847158810719249748087327635004528540781796070463790884382235140471833239952849e-31
61	8026.4335222571753725026070072138584836044855894942238811299302969703503633499231	2.8515938304831483266470541091309458409009341446915999140203744774836375382185751e-29	8.8593855716615633449507634382123959456891590783531093662909457540216062849112283e-27	8.7260921398784381383699305605209517773259880343795060989218613175492244778855788e-31
62	9658.8322411587024535273139637431314193647665289570909791448372750689736635595424	3.832114587789047266299443630594388664304725100504238388243645167169524771962512e-29	1.210566347128378156429494683920375188503909172853031466069948995413676986707292e-26	1.8076983330524761401065593128724901116061582458034990830741450316649793637172739e-30
63	11623.224686798525469956184929855750402124377773712872400299643051860238816157397	4.6013540635006076198088595038210960309642294115068419043812788071764271293502624e-29	1.4706212950129847496509917845196035224632862226325534387761255880332914184799731e-26	2.8070563291498746207951124169727954468008881018200521771932656252357139886863423e-30
64	13987.131026472384146931309990902017193645055395752784080855721251644901122579159	5.0908866288346646399565257623566925074523301901181671979311085863893613022570194e-29	1.6413638427407913617823660774779042893254398910092648795562011831105058754629639e-26	3.6959051299947637975021206816919893133127558076800634404893586228384010079519975e-30
65	16831.803533309567372587904201698450406695991576039456687760894037740847635256047	5.28944654138344605865752926359699083488314129250486994418872950608750118855502e-29	1.7170817626309561766990739627222875100176554324266803017350045481386099975685612e-26	4.358951375117153519241983611523301094026056808269680078890330964212096465427746e-30
66	20255.019392306669768350901802298041730611814315685263709762287137003723867343016	5.2277128075740010165808063996684785244533143953790639022476363617133131626369339e-29	1.7064012513008609353082149984311348455780711221868936654762652489612659701025647e-26	4.7456100702525781216907288634718869731498763620933047014330376972030974877016165e-30
67	24374.441501222204294370814346839041143265776127419151178906318298982759108313759	4.9603969918131506022942016951762558359396429264598103771670906511566189464384311e-29	1.6264661312240565517697928251549267040908284064358217911223437706133652695884064e-26	4.8593647745637508951308990076321974791835917355423528935510526753523744535157909e-30
68	29331.662783900444557944595708783288973839950089332174163225127373780143610446608	4.550477400189970384728819848571480242432393471211249571828372071914851598355828e-29	1.4976654668527547959377260361301537732104156415284573397200168759783280204418349e-26	4.7398179352566219144859145738891314483551222852933210684081569895417685854321469e-30
69	35297.073027306498206900590022298761095892445340138520376135173616869103143368693	4.057891838096810410934927689928316816497716779866873226415455941249703304449438e-29	1.3397603083396929141745331525837597136735648131743343861569690270588740943300615e-26	4.4444308911900769137181309272506582113663651312682748297628954642782050122860775e-30
70	42475.715525368989955590749940502767826227390184838152089238015671444933614072483	3.5330048829042934680763555949657741251708566987826193901409544358002419408480919e-29	1.1695781213089093373983619274416142670129528358424645680807181747141435571004383e-26	4.0340080223248442766329601383585057642144057168812645598937307648452237947822934e-30
71	51114.334834401672849562927285144868004831662301582758052945868315586737673504841	3.0140192376481355884015054400154507408026000315812212695004793657085923746218687e-29	1.0000355311864526453474414664027845189987867928674217155118469367811023273731339e-26	3.5632763219627345788703791095047246220161215452738683807562492913572517939195006e-30
72	61509.857885805015379527442581915530912483673298345232434974733593143654488294799	2.5270936954299992729835566896734898213824347267468809820191245570100445949010377e-29	8.4009223334940675224942393496043814510957172815350132822264842314701451611506224e-27	3.0761533953208542572431797681338030344135209184010026584846930222070178473585937e-30
73	74019.599969156428771741642767788616375021252184135134963034030346861010408181045	2.0879928687507647204744506523748749249098918967492060787965827821555048798690103e-29	6.9524568226631463936119260011741162352523305417587888332644790445429191534845069e-27	2.6045019625067950636576589486795176282402213545341908898011662715781513515060639e-30
74	89073.546386104397295618563842713398270107535323487586212324623524210761788974648	1.7043702863644926081985427185634425526184521089485890938359544356630707236466625e-29	5.6826152745546682249208304448192540717304106520650174547257753059012996317918951e-27	2.1690482432673631360223155968969498888384567551698797562639907079684312579961777e-30
75	107189.13192051277446769820941795247619181970454435459652504455469269361125568338	1.3781034599185691711408942973590255318517522096096602808264859148394453410760274e-29	4.5993853832201892709805619892029185077779155175069014631224293949600827329417728e-27	1.7813695836876201102870220282395459868783195029507932831343915116186282451785037e-30
76	128989.02612533086306743884732026405787756673554036982082065437483440141691766408	1.1073685606226188483313995732412282973007208822496635135055437184915776563918539e-29	3.6979710185905211902512377760682265682155420090575564970128367848532018984467499e-27	1.4461938480032967031919912271497443011515826287960996445267106624049040755355851e-30
77	155222.53574270474204045790156879609000924253234235911147730756662340381687798991	8.8833497957957753450179331566222460995998406467821618185445542743818135197822394e-30	2.9664617624653270668096817320757137380252547733177155359822636936007155589171023e-27	1.1635661274931688298643911022060640947201859537932592633151120104388835475386649e-30
78	186791.35990207824992510737600373061886413435280654619598671823402072663406284554	7.1648076262635841857200894080697780096636905476537213923742830830162462238383975e-30	2.3902543568491710986135842528510984879853545052119847390304709089600624915787133e-27	9.3067480508781415782624477623380947907389653072086984855519417866543391139948702e-31
79	224780.58335487254536311895688676640241513090640486034657813462579534881994580054	5.8759634564477363340254945525933643399965232708489617141352009663446516553578107e-30	1.9554274023562884657976596858139188979420998600985436229649107330122091879325445e-27	7.4328372038119355088694558479570240629862972859984112855722795639975466550314443e-31
80	270495.9730463135097344554814040641207101514688640508989221496246424817555540015	4.9857571247843507355949742671763610367290283680397812886617660265894103531160112e-30	1.651384271675842604874420077768902763420842254639468583656078721240379566556794e-27	5.9680577085924897959817222772377510104757779072762863115314048199336984183413572e-31
81	325508.85998350581321734605371020682219832131513656453463594114709321508669337571	4.4810764794606062385784800786220433627119793027897033755700715129869830066790977e-30	1.47312808053144942810779701629005961213833501280911542224615222603025641187029e-27	4.870966221454236360068890820214564205891947743223073156301632195273472228477968e-31
82	391710.14908092594903521938477055292492950995642453323509653282337067755760441152	4.3738770725331221014568171214355151146351344582869364141194515937925614020006664e-30	1.4235590957856457550461826242989286091089172582375716638669598032891137961049087e-27	4.1106395850312849620239036991029418521814121334340318208676634217707723428424399e-31
83	471375.31341167237223526745183992027453917044001944054994919990781476204844099733	4.7098307116289055546164077985236028623744557345783085923489248277813084348809136e-30	1.5162202344722954246633977849445706863872181242062044463885015883480515767204591e-27	3.6719208223955533372801895085506551653434009656602472468868777221719969721430017e-31
84	567242.6068491978478420644143357956517415913824915974007594949138983593524933999	5.5800482627238488585680264783645489260313147981850062187973006074763428346180475e-30	1.7789843937805801404759215207529096298368201812325871529023078389595287698332957e-27	3.5608362432907268002029261011792026780350463301893392991760117046529021585002496e-31
85	682607.18342723883516967173259162096170238067822892234555770319637528202973218075	7.13782145560693068645743539936647703318520675153715854957145143057086961467087e-30	2.2593002106971185628955140111357318598810599050051091841290871384315298908704431e-27	3.8112658413508334621499767325933036019878915021513453295674946810066579911533988e-31
86	821434.35849194267909838632110569986570233783374416321227913699824023380374140551	9.6229810028328018097733606130335556512622378552452977964459461818835602109138798e-30	3.0318151913182421291683207377681381751327196330320653038307754214571648508485736e-27	4.4941117360052799183375904189218356354949762241184614011275782980260502588137117e-31
87	988495.90466255841160691570959805668453553699504792896932677590014810353003290541	1.3397477198137648077040458029857950822487944188528289807388851186605897249524938e-29	4.2095094334019100324986695712788064056451086858237381230199867139828098485788609e-27	5.7305199686683846756606185401811662087156096932754253196971403655153239676241442e-31
88	1189534.0673703195557427520638919992846733394355958903593992873531650975232520875	1.8997300759152617338543315810653569419080354105898812768999212184481835077521584e-29	5.9599452888797495251914833055675778592813354853688567408974055165437422303303397e-27	7.7112286067486270942968805169781272040851531611643445890654020943071718614100068e-31
89	1431458.9375234788870462283135699839730808490035542254834351541512872187312244929	2.7208088549435941377798003171047887136439709421367263356082267855498874165348552e-29	8.5289348009113574639686177025258086238912542807627490419993521450217337446905026e-27	1.0724920329045952645483195853025571057892489091505902110681981753656953095172728e-30
90	1722585.965398786483199666075101727778934180219497187220718330044804865252544552	3.9175010612824358980471963036743072682230758272289269974655443418425623631445663e-29	1.2274944521988422846494438626459109233700452550200551609978736700917554081468053e-26	1.5199666336174219237622229135230035108707863764424984358023856172218026421125957e-30
91	2072921.7795953712621415313919030594405849599942946413978997642125071021018220467	5.6562262385327344865802053073800360657857984513254953482042185148604682248267481e-29	1.7719037467403655922019373594076660265653680580021816163805132308947170123911734e-26	2.1763329762315019541096632890164235619036158174069166339351160757633345184769602e-30
92	2494508.135230316256849805043803690099310604064651873632742866201022093869390759	8.1784343854832018917352487192677489005236335772527335086260564299695312043007931e-29	2.5617299513647080584717484792279452723399478548445827413547091052327261712028712e-26	3.1331397966096818564594849539633129717913833221274776189633109515715598470106849e-30
93	3001835.8135755893375907613206465405852222826937600873048774090252169914961425951	1.1834124592238577856517060503859009784663776320130870627640013506192894926560918e-28	3.706581003167039422045495148436898081036616502321827838441147767188512432858968e-26	4.5234494348214352990927796292776449805698354072554882972174233898107104866746677e-30
94	3612342.6997094315327206966279895531927558821268046940075270859543623068665154613	1.7130406057715058045199017285799678159668383157287825229377237186704473047076723e-28	5.3652725271892145386534117991987067894275388491879120561551682392914144100672394e-26	6.5403305238367444407144707624842485227014536459825780431936381174247823808500197e-30
95	4347013.1581250242791502611465897550947841929882100091504410699766649341489373851	2.4801838128762684069292086854923721948424673120066162450269960538391518870338443e-28	7.7678572956712701291662933091082865644969674848178169765284544062181585408507965e-26	9.463660565580797770319093550423716821994533395947861778096291109565400238328921e-30
96	5231099.3080562621716966842935866334870960876811545905578092415191395382554885781	3.5912305380530420142622501024860751840392283656256305607095559136089764469022111e-28	0.00000000000000000000000011247531297131558484559514882801954895276165568084718585638351135500579195573461	1.369895807685004200517559479256351152014716678429191665188957944955737467474666e-29
97	6294988.9902218875266859839623773708119657792222159464463189896495196628171850758	5.2002556179428547411505667044315781882836704829434767977713687555903014812389909e-28	0.00000000000000000000000016286841311434487915622895588641235621795953554456413787727294783492324517852172	1.9833631347585632098390279451318865856240976102813003812209026510270091795352288e-29
98	7575250.2587719137876397694640499358957448049972090101504616644620207101807552868	7.530386491305766931985041451105977276655059717887725241153399147644465368911715e-28	0.00000000000000000000000023584601938386478840742730931592476666400671109194011025855135115911814780541644	2.8718445427129234295033781857072089095576659450272142619077491598834917185254273e-29
99	9115888.2997508221049584842995841425933191194586404532948892713513687863194384561	1.090474471223113096655837692722576000044620353660393943297353760703003232068865e-27	0.00000000000000000000000034152801700721892277496807375912330385269676189981803559749429519960667852755657	4.1585505522362724078416596167581878973179633849535737818451535107352589350998421e-29
100	10969857.978923836322137977188414253392918263133152357128650640552465728342619939	1.579125345720690375157959771088967035655961702895836319039139494833342922053607e-27	0.0000000000000000000000004945693634264590067604702363692290564115032008205079639500257699227569124673546	6.0219118386594224957375375034347321929808618136069504244810538841821849153564339e-29
101	13200884.008314178605312149466943008660977062749781217794468515781738309336998272	2.2867524505588607504863295531304121422154026326109801549390332317449811102633787e-27	0.00000000000000000000000071619229423255828637048675061408219617436611438198275279571715390142692899215357	8.7203225610545276629520589051442597880705402255647471708597297394724664450507606e-29
102	15885651.294280527744738135551361771340499425620177113950766983640756227492701382	3.3114822573724064193810649054909439919508966180138377902515071623925466219858191e-27	0.0000000000000000000000010371292082034250534104395414780949570447222473352634932554482525445596444136814	1.2627972074684250812664636566177437670001922369956062417021911592317507854692488e-28
103	19116440.753857022270103116780859446718117889570085730318155175278430933434495192	4.795413701908544472842699269974188457912115969094491259907024617207069559734138e-27	0.0000000000000000000000015018843208084175394753340991813867750447028490251403288736559520915871986863658	1.8286733828714997428774499172243087214845352984672252350671609839225790906794264e-28
104	23004301.197729179688256747668613197325164026056554417478428293150499985373375537	6.9443229936024309399917461785986101850434722425834499721472181564391007545180393e-27	0.0000000000000000000000021749050484070363841852887249085925442879775709671734728481255668576800705538902	2.6481306884990461832818682942547834518070328229419161710021667433031233799175936e-28
105	27682866.303920657370583388837222470664923066365051490129703250307412656621206134	1.0056198523099050393988602402572622300302044936180153767208555467068125738231344e-26	0.0000000000000000000000031495189067743731367188266372273108937427000404675862151051177135687373623429788	3.8348029918126580902860294966212550749285465628542837541056705001471697164354631e-28
106	33312947.879346731745095366279411983389729257144324436694432332459641740003257645	1.4562562792160452964624640309518927376899772110815369061287512688792738897190753e-26	0.0000000000000000000000045608752001883859058595028371361898714591915847123078169865283101445334290277323	5.5532456901144658613361703093506586314553735190391242499095817308218287237446702e-28
107	40088063.288984650803282696372613687505074960684480327474071292760362282372517651	2.1088311461189073213992028421552332701404236916151231292039537761254746396619248e-26	0.0000000000000000000000066046861198609645083197070651168728379839271526831851920433723365715059448006107	8.0417545439769959223427149951217911827256253353341721861923049739629577756419845e-28
108	48241087.041653703963004751424655453481573051272062948116990048071534154302793664	3.0538367370350698276718533292550920027464709904580949608164023979016207165851438e-26	0.0000000000000000000000095643660720954106711006881543754232797878271787429634471094000968029427275762749	1.1645410054228711879741543665371057817723989157710552066970607955595884640543749e-27
109	58052255.160948989458738268317746909879164780783711790206660297322124266958049487	4.4223165811281210116641250310537935425483584736124619441786611346585020517551794e-26	0.000000000000000000000013850332635499373863838760072207447154622899483994474983326738543798070529631259	1.6863929632827789992077232930133826727365662745731668267264370128719111495807639e-27
110	69858797.467852474241907446422743060939899031564670228624071699831423268504612149	6.4040372039473919958826406562673593717679443112767333354718614290743939390513216e-26	0.000000000000000000000020056918994543124907104717040514168830561452635050500233845473816922016793446558	2.4420963208379266403622479228285068500079454576894470399549385008250428588845652e-27
111	84066528.856183250766153107379360450713443386299073207326934949074232575406829192	9.2738029718563918143473974183604636941938345333623901503426386183218803547303689e-26	0.000000000000000000000029044789872755069327698798941120230200780006588847557542993271668841933697188007	3.536444145902498256008006838581090475255912819012883338433035678632830467351408e-27
112	101163797.97662072527969449115127832523341928784729483469823348668466880424919675	0.00000000000000000000000013429563098078245040053510693517848352036268849964041900080320679837306866696222	0.000000000000000000000042060289548407053276005402707683265283958047857077406192306704449330394588872049	5.1211891920153826873937754327823186041608399310202994936872726777196679686947409e-27
113	121738272.77396613101343511036580361241954190147329664490844157206994838693040742	0.00000000000000000000000019447595092877406493452534868732856511500295466977694918392371588717048248755374	0.000000000000000000000060908271891887478507591277249275588300164013109917617387292922359446998512067271	7.4160873890631984503269791662240770209558250880371519917998985515919764996567942e-27
114	146497139.83072857969475982041520573191651365420033408573360233009054266468504613	0.00000000000000000000000028162416923725703201684432064607127829532220078278252677629861883765261699435015	0.000000000000000000000088202378693421206047327628199630035906906906134436778388295597443972812365957343	1.0739371305763881012714134597831618758219958118881999219444083107328179412366663e-26
115	176291411.80959476887082248524638844963252801050159525603621082508989006249195581	0.0000000000000000000000004078250927111899584553406994490918212524247803226550058496949069541515579351086	0.00000000000000000000012772747227166003783886859792535009835232897536140820256964444999313718078488875	1.555187932625130532050061015803680831525787590977083660925812360353778991305298e-26
116	212145178.49106300378592346194058417410369446624594297913701480030014342852786608	0.00000000000000000000000059057895036622184181771935623894601640969603840597080122436579991435388256309476	0.0000000000000000000001849644807406525982588358456626609504002383833000055132837347602787931411527148	2.252095991513440863081374998923243537579830220717907086054766024476966539038852e-26
117	255290806.82395173064000658587441255030432644172474443950280737476482554447716608	0.00000000000000000000000085522814283089902477895749048784238563319736483450574300834790137884102780778912	0.0000000000000000000002678504360077736561346993524379667686145643956532980188541305604863535225197247	3.2613012548610119591271683338989557313166683304214413467972852715315711220828662e-26
118	307211299.88617575743426614554376251028671995718864713649313012534170903954172376	0.0000000000000000000000012384714623902618077584412661043199252410326095697757135008931253466849345151488	0.00000000000000000000038787909865233946772157522687293457390370069136185657529873175714057948857176535	4.7227497923653924232446545373589220727479472963168954909093161014550055698365863e-26
119	369691270.71950272522093736993557024879850546286528922438266839065346625596241223	0.00000000000000000000000179345309908722698270593620768664670932819798859742821085173134133835971888891	0.00000000000000000000056169479287422726982221646158850431317880329670518626045786414078008806464398811	6.8391000584672363617567399770013751996239572520135308897505958843940849697195542e-26
120	444878283.11275850412311249128648119917924069776753203658497289221777437481626468	0.0000000000000000000000025971321232188857299680458077793879931172093653255541315652524874786054462805663	0.00000000000000000000081340046793492280772582361133544194571479348035073357080008926153665191851477648	9.9038254550490162485145683674102093106186704957216223543365411952585927551338717e-26
121	535356667.74107250902541012914990723021421667216228938814439310436795074826583624	0.0000000000000000000000037609543672680219091203851080919844275710173710616847611878729959324766573064369	0.0000000000000000000011779000440009280978856345950738587429477748825978568778715623550050820442650295	0.00000000000000000000000014341910164724941565061930494617372310464245106542552184530415086144926470254019
122	644236350.87213726545841663002408673783886936332017889728219817782044472650928117	0.0000000000000000000000054463065726518073657578766481258130274031558768627202425351897017833806597517024	0.0000000000000000000017057385240828171448297841280385951354407391839253691617692665710222013750510391	0.00000000000000000000000020768781528819617504472528405978525668728421633054639863498361170213993474515552
123	775259748.86294611274575459721639263171082471383093405585739583989784278620324186	0.0000000000000000000000078868958213217977289931555101399807744994765121305728782911233149509336854978976	0.0000000000000000000024701110483581855668965813643961798251925365796629480699605449610435204000707534	0.00000000000000000000000030075651098119961189847023826227703414596190921782032542717431200917929392886035
124	932930402.62846842830736035043018914839693433431324433726806741770893819976413213	0.000000000000000000000011421157598588920120332188814268130684498912863012157052933911444698863034247525	0.0000000000000000000035770128334954878969959561220697248216863048199531259782507481157814412526860376	0.00000000000000000000000043553098564038539912580516486834497615696876442953592475752739289666534039618079
125	1122667773.5108135915616664724778681752139261089338573278565726186004555145855095	0.000000000000000000000016539186499623987005992520881368409003590144113341704927205976780350180740192875	0.0000000000000000000051799374847986862771762214066926399919132513759421650300501069546640029983491301	0.00000000000000000000000063070035901979303849552960436204576324965324101516919713425084865011039031917543
126	1350993521.1980268050622660295632981898709486916810822175116261241650314466532864	0.000000000000000000000023950697440978754039569362201625895818618746022787482028499548738180594101346782	0.0000000000000000000075011618899399729644863956359454242221203127220783727566043091134462325188935775	0.00000000000000000000000091332868609445971423527759355560498368241496811873272646313977356691454607766505
127	1625755666.4437941529013964929847793763010541301521815156296060564226363105272038	0.00000000000000000000003468344152976442287389585224718270111803190324703763995573398861731076860199981	0.000000000000000000010862569261548246114992604913469291322631980558266842752062444232588994119474141	0.0000000000000000000000013226079181885370559033198860941244676083165853543760011639767746292502444966901
128	1956398343.5170641059169008411141078629673078133739353727492308879326199385185978	0.000000000000000000000050225723877701473815039235907982334804976017822618976151922496010903256441742816	0.00000000000000000001573028454701387352324809940922160193478840689158645722479228048119842754607328	0.0000000000000000000000019152926343926726161540250445912715155064891725023760990131180361339635086338023
129	2354286414.3224175141315942610429263255963894715502954221564899692433944929968387	0.000000000000000000000072732786245413565724866361525763807864819004759197846033103346283087225625163881	0.000000000000000000022779311779026696123476442369454882640823387939730604445121491648163453200848772	0.0000000000000000000000027735701751920366052481510680684779792139509968021450192978938142476590312943398
130	2833096101.839324364803490585485980226138624815411594413372272307230882092854861	0.00000000000000000000010532567351150520744174189169791297593953224534405519061106400520532049345948465	0.000000000000000000032987136601078701006382367751595011959773761213079471347346042098760371696752635	0.0000000000000000000000040164575264273025508657538705292000407192581754433322099479586369860186305602608
131	3409285069.7468121036138642432413716853438582044706641118079260863810811790946677	0.00000000000000000000015252402765407386500917341686382628471599967347349716143688849964289179959603205	0.000000000000000000047769273790800813916026592398594949914385397677594109406658273642417738864439477	0.0000000000000000000000058163053546972355329604334472015839832056392992123688061381182812718599796585862
132	4102658105.827192538738693740792895666070612547006345535730131257912612123771478	0.00000000000000000000022087282460416548206554377104395462140635396128737436071856317486132715313328596	0.000000000000000000069175556099223048632521526693017282904205160282833223648686575477452352206756908	0.0000000000000000000000084226978018553664504765449090577631189462673486891790939085352265596966659957209
133	4937047852.8390024401232894159424695101827789829165507446848945400148363399592537	0.0000000000000000000003198499633072188039565559553395047720270826082386369605017428359416123274770002	0.00000000000000000010017438369679620659314672270006373143991308303052437938408415391107788958101073	0.000000000000000000000012197062213058301845207439149716634035492564385788435102472816760675067896662839
134	5941133984.9650334414987417054595629673535402444385515901448330633309390277096371	0.00000000000000000000046318056198618092723570454682450172777275337418409107799089285610588872120171298	0.00000000000000000014506435097738228905617573070295913852390014204020865634138362881108266739275231	0.000000000000000000000017662788114807340144527306141292529537325737456670399436967681673127169447281212
135	7149428986.5975781191713362712903318451377933422217923809134687869774863287239614	0.00000000000000000000067074021451668945280506589251425419150980864175470305494091857802674588322429395	0.0000000000000000002100703308361124257726631912224878806038935162450719415949133715503576443687184	0.000000000000000000000025577805420602956005378070653005288466331079964272321170076536497945725289901977
136	8603464416.6845037734664757025653264519160224961884051742031033554356134636174403	0.00000000000000000000097131113067591152355836333878605843390481307378381416353933732736023603860112996	0.00000000000000000030420667517738315317431410044881179325640579962438119241300333075761380085054058	0.000000000000000000000037039686253484970115175566786437017549986845678233688817533038308176731912802503
137	10353218432.956622135082133825331397001869248421077334286381830421722648938130162	0.0000000000000000000014065733530749150602933726783016101601780694891790965461023527700770333482570759	0.00000000000000000044052723130462374204672244212414968288398815284670154006931826864277139986555915	0.000000000000000000000053637844811014783320208282629329864819555681058839900752357915968087553449583593
138	12458833642.950079219123233038437671345158475887490417559636867960389018073741712	0.0000000000000000000020368845111490387853335190968689842976633154141547654269242879374085498691028209	0.00000000000000000063793551343921017928760250838798845246264719701034887681147884890139314009999658	0.000000000000000000000077673940764005752890037303334102705941768929014433320695044080440761054065745502
139	14992684327.860456402290613360771905771263311889583836364586190890806921747364784	0.0000000000000000000029496495882628216751270607794023829518278922027104750109298961509900068078015055	0.00000000000000000092380604509222180185828851805063853877696738673585530495379113664037202155735823	0.00000000000000000000011248104943566606859932958051483506702964070191831638441310302012780921138980903
140	18041864093.920722503956463091757393469371882423560792413930667760381447842881752	0.000000000000000000004271441334016042011988814788990628595706522420610624845556646365480832323629974	0.0000000000000000013377803727339576721627751360883672568864653659973677245209382397706027266211357	0.0000000000000000000001628858579557456978804369822055108740731989694723840322720131090483493133850255
141	21711179456.945041156827476159290202592810479158836152272742135629612867610448076	0.0000000000000000000061855520542310232633887148258615191479075526054656236128645235950149555273355349	0.0000000000000000019372641423812649345734534356036140879207465854074572743547414410131258172473803	0.00000000000000000000023587797993611764562318621242782219580985776699806596902863507386335145470413344
142	26126752255.633282886087340926902547568055230695226522972134428094141106736837681	0.0000000000000000000089574106779615670977229010758913934502379152847253300723499200396291364363753136	0.0000000000000000028053875164025719290077279824936013890162562354653719739990173080330095257242497	0.00000000000000000000034157920225253724360802203581299826772859374937815148018034133212547687046039439
143	31440354715.9149973163888728331902639203750624503503777786093891405932318355812	0.000000000000000000012971389675522614323741272428119566613825912592975390182968730024134963640430142	0.0000000000000000040625327981931433171936568128428379785092897065914045260911465103933306744944062	0.00000000000000000000049464706897642265825698850110158862301902951346067052636859396267822241370681776
144	37834626171.319294364055927131035192674236313689321851472051054128643649242721461	0.000000000000000000018784105827393519328978081667875679277490554516130332105573738912442336252358466	0.0000000000000000058830277955891077578437581186758886011076325950654501963229440559040591990493139	0.00000000000000000000071630743685053733309460680745949871867715734945967003130156755666786741627135272
145	45529350748.669492334455934903211725710766833807938759751015538069026164096074357	0.000000000000000000027201606039215949757129906210035208639354003668103437697360784299931455653020559	0.0000000000000000085193197847085065661960294253301880742107797212080770224868687990031103008920085	0.0000000000000000000010372978559220854160420094546546470987347979199922074521875442373923588143842343
146	54789011795.939423911769412881418592846370743983759836951098661654315349083677185	0.000000000000000000039391141527410259428390626169147004252578729925470753793648603336145080528341072	0.000000000000000012336982267624661361157714979994926234220807659919179660902725821483450580807136	0.0000000000000000000015021299326884814564458177667550357243980387072411342096681341648356138678236382
147	65931882713.335467735493820858731206839191239456947881979362548508030643485216611	0.000000000000000000057043030054750034646263493091130593675756783582720522172378024851396938287025137	0.000000000000000017865408896244763104212892733826401281485293739240181103914578372839284506198239	0.0000000000000000000021752617358617076687327988686875032654709019289836842742437171868846177054423528
148	79340966657.974917357037171008086010476415421993964362293652975833783269534779961	0.000000000000000000082605051584069744048930632716607847776043221067890985941884445160480124028842641	0.000000000000000025871224267510802180046888126376997535710472481968394909618588982849702573610368	0.0000000000000000000031500361696642830483404784733433994930449118119873345381208524120714522189739193
149	95477161142.080581369462759252443704688264319675410332615789882119838361784962545	0.00000000000000000011962188089688647424803728706030817129419525745392101943791274759299683941128942	0.000000000000000037464591434038117426490853396850174739521805157157904823261582813027928620972883	0.0000000000000000000045616247951249155478373232383468080425062559542512542966906364924453489779442917
150	114895100018.73090586526885233752111955645020489332995289461507368903876174988901	0.00000000000000000017322662615549336355431651049844952186318153348564420631481469840849492696092015	0.000000000000000054253157748009783388531660248406107528635223802304893065423059805252861498712415	0.0000000000000000000066057720136324977922507705733154112558662433543641907132233412153844853065215909
151	138262217376.46558614193485423305802536287569634244537435556058337995010920858845	0.00000000000000000025085263485433203394113078118746865609960197207718917943138252792134402985067678	0.000000000000000078564986643794810818343416807508210398683197721982301800654068607932020305056858	0.000000000000000000009565938860803525495969826325793443811761755396512803118887524725200469637054821
152	166381688607.61287925324443698036248650165782585944435045813901339271003302317123	0.00000000000000000036326427299274222251430903968888126782189929966455688190364265689918496353896557	0.00000000000000011377138921588553959400060243029617820890460194593366817923217343104152304977655	0.000000000000000000013852610429149746296493806718947223223677014566955320146392228846114868214542091
153	200220037181.55845653529477480102344997331964123376824436992298519541538513801412	0.00000000000000000052604961518372779980574856010037327012521854394858297913928685626890893391079616	0.00000000000000016475442251137770923780843204260322807601791465085625166414606265864355039570302	0.000000000000000000020060217663326089173746404497370771445849440626900349862073347564003771197162037
154	240940356023.95251183692229933961126673310630961197836646318548980933430409664624	0.00000000000000000076178203640873032307439222419963816017457647295272645330112058439874497777985056	0.00000000000000023858388232871756940538290157294432460862498665428710872680790418269840865832995	0.000000000000000000029049566849381148693438095155304336096372020429896459368422680389980774576755047
155	289942285388.28766493198085377755475823892063393544479099094069220647116095002971	0.0000000000000000011031504524385075995104370225940852139481280151119480501224727673706844267338014	0.00000000000000034549766882957196778310376797385353083469121480202069767737749225527892169377533	0.000000000000000000042067207260638713274055376106974046499714126177749849578033971025823511540878654
156	348910121340.67726269450078957266148355768909640437649906758526981996156964602198	0.0000000000000000015974922780436115375125822135413636739754296019971401458428581052254604072942511	0.00000000000000050032147185116272153904888454428351112317783420933431523570594075879043126784265	0.000000000000000000060918289621493405248724012153694695232274428298205988919868965994000098604228516
157	419870708444.39097270074285418890911169654668940588088744442174122272455268771761	0.0000000000000000023133576864042680584235459632341718980733123035594629341312235894433265850961327	0.00000000000000072452464308461983407847602560991594274819736429976830212265308521829454257762749	0.000000000000000000088216885599640965695268752988549759592394332821776082154417859263001512048829351
158	505263106533.5680440076617510721735570753098326764250531100057472346713427490235	0.0000000000000000033500154328130082745620551508257908604400340778961430984529459602906320355407411	0.000000000000001049197342050223738069533997768858666932929317313383783118605731677631800237545	0.00000000000000000012774848002551916370487794775120281792690513782249516480059889900366756788859133
159	608022426164.94231184305971939547924687201589545883408887481467369405107395610395	0.0000000000000000048512184112475093241032893923164740126814416715642875856859831403288703817047374	0.0000000000000015193617954506014634991042625751432820624423580054569559790726022645249676268829	0.00000000000000000018499490248267037404931362837474197779079356087436372995857509648617370494887468
160	731680714342.71964759477955319074963607401511842170255565440441045957803410642909	0.000000000000000007025137807757810168583610993154351362768940046824416461260969482924443877547625	0.0000000000000022002155104243223289191267214661415479083077571462304109123530725338913585445099	0.00000000000000000026789449031202780746973289219862914028140976399379021054538719053722457662454018
161	880488358164.3462665287988406852039522183620955553042594085167194496744618784358	0.000000000000000010173230111339598835619416503535585607909385961224689830498382104704450653125536	0.0000000000000031861721854576890927548345563234302198692592449742505039411858974660121599114682	0.00000000000000000038794289451442623542135603894125518868068891709026375809978148647302742477491179
162	1059560179277.6159212777455053503746225601944720297811499700415612954403392756233	0.000000000000000014732039958558298633175871716749881576857773691430120107969521428864341745220881	0.0000000000000046139540182708843075160174273021675615771053925135003652309191573549505747697986	0.00000000000000000056178717684315948628056300396991168484876974477658914612862675951717189281514269
163	1275051240713.0131305127034615100071885471911650588929439217964272490741852310966	0.000000000000000021333735594817853785717136794686523367949277010994371093769687982406888040263091	0.0000000000000066815509155102258985594030300623424125764715796394907782585143582413527879128382	0.0000000000000000008135342508603959338042370862490845010407471554471741377809281878687953698083432
164	1534368408930.0123211565339213957415934579500952898379951202077940799243986151939	0.000000000000000030893771379244743666705259587846618273020878786930303098514590916416026785124376	0.000000000000009675675669885826153661751748537050846150870777614056600009778078296586761517113	0.0000000000000000011780937775084860224621903856297555899370304473431808941494424889543120247359471
165	1846424942895.543778570736395496714305456901356116712192143424771401472209938192	0.000000000000000044737833455894131640430277247355396575138261757449400501518689046172586963640098	0.000000000000014011522302628668835226069972200175707684947808386418327476547229233758588517415	0.0000000000000000017060190731199851686992595579181031368444848175049726705804767944550276859252333
166	2221946860939.523558011775515613222945739170551651352403181338416504522052968972	0.000000000000000064785672094147867403365557066707865954727743906016368806243951333086670740877034	0.000000000000020290340843904828852117607092809746352569871467538782232287542989246816715014324	0.0000000000000000024705173165454635783688419652145499542566882602313596929074752606901743164336718
167	2673841615839.9468892000593488057958640172075781079037829459256914891857859122356	0.000000000000000093817312651680903711635916354404519227886859443228271628254412627454970179807181	0.00000000000002938281242178766250415374298865303214385947484781442129528594067102655080130605	0.0000000000000000035776011578750615826637509160494789735215032455140516362827878388907649059225926
168	3217641750250.7363716018517439499495424235715165588190367834173861745422190393595	0.00000000000000013585856052233975468981478703074575422708497661887759097315749826184698516817227	0.000000000000042549786248332422175708225837935315812167308089628327333107741544356124608553579	0.0000000000000000051807894480683936897171178473216801525639358657876171580594543001596240192748403
169	3872038781812.5551933399356387474422851148276196226358525025506887295950347943734	0.00000000000000019673925787802401235444235097828955358366044606043266128724240172695440439294366	0.000000000000061617121049865392217402703486195510146280385448525307894903771847324299598375178	0.0000000000000000075023956334917277430421174935349771236238068042254698520892624294219438927107107
170	4659525668664.6808466927491911532927990136575603820022910897453682125691098746399	0.00000000000000028490170543232716793300098690996574874286134057036142212817083045269476487130798	0.000000000000089228876129138272927467124333710472476495866572127260550167862029317145743914388	0.000000000000000010864355868085201028850968381866239538133317813218935263733340716447096173948358
171	5607169938205.4577886726660441608326033341093359907348256898825070109439563985243	0.00000000000000041257135273211367879336132437260446134868066168509826676236690955724448631352358	0.00000000000012921396195751821977854714513065869024825889062613961497286490092705590502364094	0.00000000000000001573287176451696099243843183601602630929168084844203486138769862765052587694731
172	6747544053110.6940179797357254538274042083653150930535288624839914260387141202873	0.00000000000000059745209610771333365405235374984065110727332196072011693445845549999144492078543	0.00000000000018711709358072590123810904665643821867820176214891572571063960201936461552849729	0.000000000000000022783058375863014734711641756501287041140817541856841690266614612458977581322114
173	8119844993184.0119909330860576148469275166288012831542049021688945231508677315673	0.00000000000000086518127053593698657985215130102104597434226262807372964744806787546307190867481	0.00000000000027096767392373065263318261894285136688974427474615057244273619987843428292090272	0.000000000000000032992562116260188386836497246298239584082274919490186897651946648068866813120647
174	9771241535346.4976850734812281294417573919537383519214345808194316878483984475666	0.0000000000000012528847681057023032308110307416547214956392729650492877789188721904335429752402	0.00000000000039239322771952378446051268522391266028358463859800123337322215766773494825739252	0.000000000000000047777130578240665761407927064196673794872574704335079716856211419682176188007571
175	11758495540521.567342520028788490513826935223356972449805621067235067885594491468	0.0000000000000018143252698696487240588735770364477481944667305678889429157480806354366307838544	0.00000000000056823178547668647857179639200069986101252559141666679659671781782994113960161147	0.000000000000000069186933656336640735778896752693907405756212198861910543527194721550593694668235
176	14149912974345.759436017547100336967688204505653286514032792514973013115213194659	0.0000000000000026273574942287557076049418809210273170898756189514156078998180744324764974901832	0.00000000000082286680609283504276878003927444571695587524985309410794437953218250504853221448	0.00000000000000010019085974464975951764554698925403636618303691164929531940164450672354983348578
177	17027691722258.999863044201665765212607340494710574084516360685456083585007490141	0.0000000000000038047242780099495310805157344875564193973766830597806382841136791880487893370762	0.0000000000011916084208513604431601699939747195733215734617441642923533570760594496757513084	0.00000000000000014508821024260999044454168746831627808482418196641405383570827519970858930290113
178	20490746898158.470316603042483875417276998389300184080238940555937499371747147553	0.0000000000000055096905782620378199806329548324689321580026967399132754358910239944822069928795	0.0000000000017255898744853219124490834468888794645392721685255070065090970434579218007313111	0.00000000000000021010488187299850161179316007189085999853334691492441115937281691550929853757133
179	24658110758226.030643393718621557954729592370921884300253927350486329713540049441	0.0000000000000079786833552278987354662069649675165764944605293242584416375822510943635397762415	0.0000000000024988581507328053700258093124115232873664725212172393690146554557184919794869795	0.00000000000000030425670916369384561333934964675934732008785234440790909507019840120134393692367
180	29673024081888.69223141936806496501991253613327688603360903267183669144372537451	0.000000000000011554076799548926433971722059934129704500178355817159517129249085135671868484478	0.0000000000036186420364492528132746442302606829362088466646087020977533093549870772625593894	0.00000000000000044059968643221437802215587067228008582731159996889166969372360166593885445744362
181	35707859649004.631015621692437325137815456402756654410499766140746632647289735564	0.000000000000016731669217378239532198931131796518989960396505647764356364499425643833403296536	0.0000000000052402214924114572394851652415556068492738802558905852464013709633124446506098358	0.00000000000000063804043703017356266540371471926145206616338694838924565233298805043651750602985
182	42970047043208.409531222641451600724330801534405323364928271379245249320273570699	0.000000000000024229435173106328001107311724484690200017150783910484274256700614541346339111999	0.0000000000075884602602128792278921532073605972889815912866292788327258237262414427919336498	0.00000000000000092395798685681984033750215828398676086695870717676700592770608043372034323578427
183	51709202428967.582067761100661971546671485796263605482263391030995924262510240192	0.000000000000035087086720433743528369877034948827535411911569436856454943816505917760497889801	0.000000000010988987622798105231338163462171587536357526526076752164712977666405831372680903	0.000000000000001338000402372828018475149583395689278380091845257914224503265538236692048770704
184	62225708367302.297777222218880339779602582518798654941067287292510540379811578994	0.000000000000050810249835857178596394664634771384695284733911391385758979019354963939582410235	0.00000000001591335328026377903725799832211672279531045451704310622770538461403624607413068	0.0000000000000019375827713119526200806352463880311899236352509671062850160227890820137381394717
185	74881038575900.226282998343394706525609139234741152722313731110474980127229769973	0.000000000000073579248940001762604251946588977085378595496636323808799113505537079694485362586	0.000000000023044416948574310323835737744178190507218118009447373634303768419449913616781565	0.0000000000000028058489287649761026902426112241513359531209623657499994791680054076821123925389
186	90110182516650.203436530920260520950896578258630336995297681885143418814625362117	0.000000000000106551451568618662394250282359001031531452277293750352352093203927558272927574	0.000000000033371040229362415497158588885030583082154598788292062279939992452344167889604472	0.000000000000004063200977845626058672478201640016764597175352311578743946967978636394132597439
187	108436596868961.02210469042596681212093979020090322870939857533943028565845694926	0.00000000000015429909920169696750716613491290037486858284476470402178283349425463611655580998	0.000000000048325211632599864586067510295587599929098242383643281619671453771495771340023191	0.0000000000000058839953987232401404988102301935095563172331857702194761168420686106820259989404
188	130490197801440.24236831269240242399898570830212795163138991690340763391585573047	0.00000000000022344333806773846507707725175870569244334749946693093175942697221782514783516596	0.000000000069980619821397273484584768929799067943970009487373841653042523840512607181350097	0.0000000000000085207209884442095650514362321227235209771580807270452758860399680054106036557102
189	157029012472937.72191511855723608559380118126750203536854047298579524072993964964	0.00000000000032357237070833508599588053688827759387233456935092708395671258127687456945570623	0.00000000010134021114732716040284072791417136695589758744534048743408350111498530777631651	0.000000000000012339011376295029412054713452305288756394545801375987421244307596408301186279228
190	188965233969120.97337086931597100706874099621471518905935582123167568151399709201	0.00000000000046857104799460139639836297782596472572924139452558430407581143544015841350815861	0.00000000014675260695883042748559949778344827068440435275554150669984136485616135213187102	0.000000000000017868347285496266403907550728412871748231097789577001501196719436309435646686434
191	227396575235792.81484816305858597791396470249334782259562153966592614337039479782	0.00000000000067854627556154102667435186397485198975567717779741256767680588942975481422782164	0.00000000021251512509583895466275829596763376468490569982811644016596092009823698931893243	0.000000000000025875479402545917926082194608565959173373493850728723682056128707077000472982078
192	273643999707467.04878861370220115041727998882154851165894814204502953218875771683	0.00000000000098261522996133452797950226277438975062559310451578799138332689829516076507341914	0.00000000030774702630781811858993059219379524193228351471572163619914830007000605007212471	0.000000000000037470753372643695943220844523224272175302280646860682540368087384585068526246402
193	329297125509715.04358697483360648907349548208060471763415145132581593824568852732	0.0000000000014229430252976120888907884344648525465500518796325257295913963735265412675428412	0.00000000044565407830898566009528836255296849975694013159158549196048669774094565525366342	0.000000000000054262080963622343925446513876167855033270886584387565078697688728824615400930352
194	396268863870147.79175062434535463070217989638693582646554188026141014555509941253	0.0000000000020605897318758171413624510084549362558203908494767275182796532777509813331182238	0.00000000064535979403673615163213519109920650922483758282143296449105369614872918204904832	0.000000000000078577908514972840599186497431959572955086616303203548647474139525861183744342744
195	476861169771447.01758367806799469786114872013482280287450884776600445633304196919	0.0000000000029839775504883508496157088049090610066539276869825311114831365735520622831895376	0.00000000093455728115288043675616495249441166790261186971080568129046140658520922045405432	0.000000000000113790101613074117606530415816991588288669926900203065645864836923849607172721
196	573844164830239.46802539692582757972347261388030448448284875469122973934296312654	0.0000000000043211522818337869339427503732357542292374112526012812443951698789544062481276457	0.0000000013533494336434400832904285265046430156205179626795699369611146981788404444560221	0.00000000000016478152027482998564360198993433393415456688683551992864503487466333483060116504
197	690551352016232.76351460576488986205405627772770803684077095753927756749326215747	0.000000000006257539383880910535008094921233096995257536124085005149489999278335647600502031	0.0000000019598099832720723589263238779183007801480161088949039576357039669964848702059067	0.00000000000023862312309390203455470181036271423235854047414420895259241885825958002076607651
198	830994194935339.34284006927648002881278618709978460504918090001834476358936508053	0.0000000000090616568421892175260534962928537292343574190308371269662915145504642614151434668	0.0000000028380365595548108963940715719812918101867332559763504202449401395064934556627874	0.00000000000034555449409690349888796619370552046216095073193932138782348656163781821046647804
199	1000000000000000.0	0.000000000013122350446105861095332550843800398723259960989716927525782135910009101390392876	0.0000000041098124726980438703642997144703703370682936559932093471228317759301682146434692	0.00000000000050040376155657800082736941564846693171802657442177113992447505873092707589164585
