	m6	Whl2l3	Whl1l3	Whl1l2
0	0.1	9.8250020998054788347153716708575585181018742974031047801022995683882795585395502e-48	3.0773550111553604487978342574334154652570436947605726113530368809175808663303329e-45	3.730179266252555106619665546880184540470346127103778950075210555618320668853237e-49
1	0.12033778407775895498239640770431763786298404250453128277430639102473632896813104	1.4225802798298971376381162117721495194324475457498091276603086263990530147659364e-47	4.4557404614483698608066992407569981614189538611787409031519435391960685296156394e-45	5.4018094772700619283214617853885451194943723446423318837781051533277063772327876e-49
2	0.1448118227674533666352114050535057466308525408301496112587129039799224385673547	2.0598085333222770467169840917235247303316920476531023561189077913240773389428508e-47	6.4516093894900186195649034194326643291287527804915860368263108816958144276055861e-45	7.8226019452981817253036639999153526057856249102838493576303780485522813001602414e-49
3	0.17426333860096501471714050368858326275344393605772895444378037149488747271744414	2.9825330730080689928650382447015789612023617198917382229527172762560995774007685e-47	9.3416690229330621934473340442856861914487076462100970072190042964275985073154833e-45	1.1328347663324055199583264475152087126578687813151529426136323732139771704231806e-48
4	0.20970464013232325233942615801676567577466555516317545286211947428272059349197792	4.3187231742077387906489954709267464920335572899074762209741727022555278509339323e-47	1.3526715805796560898146859793634622461451820021964483945218709938106520926779815e-44	1.6405392002640746238113925664463544884892747641430201939710574264809640387814803e-48
5	0.25235391704347660629848322524084291725319790219501911106406412803806382359604405	6.2537680370490900414067048870726337207840156792627498027092636507261769570027001e-47	1.9587374908744473261476757795421827011684371105905420931450106140185745543445269e-44	2.3758183220051308864309670863699089297412798894566210050116571707105660433127732e-48
6	0.30367711180354583332815008889520565909335908898849948054461381899839518069084088	9.0563011571032608660202114467193070158497707409077323900459221747229166553964151e-47	2.8364969166180248475283556151883672584198075791358787310652848042067989164880721e-44	3.440717456906915380692847779045461468787335579914243696105176924030588989116885e-48
7	0.365438307095725637910590077455332094869746999496986712366473307851666037465686	1.3115698858507854459766619650059712743494731869962031819857971872122493667800628e-46	4.1078937713277779250438050256022557510624582929946187855105658238997715037311215e-44	4.9830766920618120337007297368554889623307632500222937193041478820434545998493302e-48
8	0.43976036093027200008446483656661370205864648958772811970946895253599695009909159	1.8996589231988732531028397599980391528649751063075257539359912589893363490805815e-46	5.9497503543541672065309325456247501847553397930207591087084787463572361250160457e-44	7.21711974679190292439862017190477362047819316370439638611119136469448154523624e-48
9	0.52919787359584417116031727749057727682839012227009734171767126635992309031477458	2.7518203863681519601525437479744977175893627147407186223185129640999729406650111e-46	8.6186093430467107331012897810023100429413193838069024656758375569427708772052531e-44	1.0453337049267239462514704816576410755695808585238443106022368620356512475344783e-47
10	0.63682499447185872796468441391873268353005743782983482379558617019433473831843864	3.9870122305489064366478037984598142546884506735448479355917927076165326704843711e-46	1.2486963005770195986873118604964154141896654294651496030100586510902529692746229e-43	1.5141895912544921716163638799004923319221479375395888510789137739748170906674948e-47
11	0.76634108680074575761131056658099408993427905435896941538096760624319727662166197	5.7781544701814810650648092935173785076831650356013648795547279929808577926952887e-46	1.8096225678511767706958721269660806849899305775733495315051340055412691274766639e-43	2.1935774958904536605542401027111951700086298099882757096002873561957342397306978e-47
12	0.92219788233343276088046174199209634776970977786144753232908689963924455547021632	8.376971139067991533841499222757508254752807378876294909531959413752347406374914e-46	2.6234452150679678495771203202630527801036597421731213234341089058188235894533006e-43	3.1782730574912375265901299212456054931995229780268487957505032996460758609732994e-47
13	1.1097524964120719117458335244039879849180874182170492458366756414592850042927983	1.2150614225000452482383169322806830144613472406385594669381962326212523481299926e-45	3.8050872806894656161062493159037567116479744610824576102300421123951120055769685e-43	4.6059548411329459693052870192682191062009757817524350753714406588733670670511659e-47
14	1.3354515629298987911824550830594025799368375484502698251213117071107062257926061	1.7635976240543273565411883240988089774449518318544642934161454240746488265040779e-45	5.5225664253538819471342166778073495320015690057577486960073758559276732997472813e-43	6.6768581044850677927168604977201288710675810710360900908969706947936680964501917e-47
15	1.6070528182616388583821230778856563285866781166675335244162337528738288877671594	2.5620838752029278426008852536275952538188965905753160877663538043558509945803886e-45	8.0223447437658663897857140461097032537707356878089659243866011276938621174993752e-43	9.6826555275726725443682216525992981067922383170656096594745186962580649590731743e-47
16	1.9338917504552310017553456801290095608861427504689827649515231431945100593644192	3.7266248546262958166433451222713046371415010613407968774095126474235917718876284e-45	1.1667528300151338118621442838311870731366403666276888917886306551836299478045373e-42	1.4049106175987650053878212885844350470254776986367802604751977997650082195252905e-46
17	2.3272024789604089152381450436179930870990384663080580621179034794120270834684786	5.4293160469129149448978474313371359399791643334562687039211117920290876876244556e-45	1.6996073333811044380269968530894900290560577534252406397127533490854686480563844e-42	2.0399437113272149956971232201036906573146127588739360938845230971892208064991901e-46
18	2.8005038941836306539000596681205401651183406254758088841619264460435165186743223	7.9270907997801281958019289798578345545414164795845492109979439821478712396277219e-45	2.4810650013784933957443310604226962962548025716856730902412021302680391406019906e-42	2.9649295654630430224252923600986746628258437800010381839996554899986370613371188e-46
19	3.3700643292719285820065490690695714886795767071667989478605535437210254806143057	1.1606986932919611718425186515930089863870690852189612722675314441009709358028665e-44	3.6319480317851845722572499378319303653468686384940837273593663516605088201146575e-42	4.3150420442578503833870588530664299535942146830281128715928003505147326236952829e-46
20	4.0554607358408289943256622736783096430075004279658217594605164359854666914505831	1.7058371381143064084391747921588964562097506026140533809005453290062342068422563e-44	5.3360742236945241590941336049648154565823006148970171720239203886766627056325909e-42	6.2910658321820731716053482680365694820632352525670437249692456496674460365568555e-46
21	4.8802515836544312669122200391442379890428657820471387533537073159724900602652139	2.5190214701348182202367101394454220033790551774107581201372016566964704130655964e-44	7.8766416014332425290007276712443004101155624984242725310309449287460457538125298e-42	9.1935682274496473490443713942964569134573463338856652192187114992539637828027114e-46
22	5.8727866131894814363668277928642036985132879581648804276981806229943891964182356	3.7424897760341639151999743159147989746983545786896473702663029024784643809688867e-44	1.1696268374241662317612189978733462029849571442561212028105688643882361336166342e-41	1.3476827887488117257485356399284033266438223659565607374264488137434737282859602e-45
23	7.0671812739274911803774222000854394382988279951030877786554911040322949206772212	5.6023921426743655607978332592348203824759398952532870056743834022814101137639394e-44	1.7497749858064689354084782889870921592205757854389981078172321307570214228739888e-41	1.9835438972644406808337364350777746765938126732137415023586624645808174319651832e-45
24	8.5044893418026789585792595332265060349520160775433999597705506770109276223718619	8.4643616102892717207195397709546382560654378928462138796597893129367128865902197e-44	2.6415733366238881928446158296345299988385395371954310568792008453825344467040643e-41	2.9345942026895346194216372104282612242997497485676732988061876766899970864324904e-45
25	10.23411402105453155016360449552893210039126661620459093981129840811937568776605	1.2929522056453579256144268316788725167758154018848789771584765466129642962869635e-43	4.0312962004340414907505088087703880486068562012504709172638512615965508783680882e-41	4.3702681272382957635123237251322883315928119600446766023628570142792209612693771e-45
26	12.315506032928256813526642030654711701680163118824776034772864668256847817984101	2.0001885021653024568968769473926728887346044748346555342474113617701637098863172e-43	6.2296297304169867317258534362859944960412051449727435146466359033180261271188545e-41	6.5617366541642389807762423003286331574973264057663918751137986098541336860485072e-45
27	14.820207057988583351225970196030241113564075644800887616763864594644940095788776	3.138169366852407543034078171638095550208162699825225533324251408182983112180927e-43	9.7620374535524550148056138520348090483642511173327781530301582337541702262414921e-41	9.9506353143101045073948241583504633518085410436135095750799335919608180076319432e-45
28	17.83430876931909431237754697175629031657735068701632714203173111331110021339945	4.9979566838652340851602773664851691917918410265482038208718706829920235241112513e-43	1.5527093575367408289519677063737635402106053954755338836443617766306733110926052e-40	1.5268762225462788588977764167343393086544472036797569689059373199500810980866266e-44
29	21.46141197858404211174158708763578184666977778825814129515511043333600717774548	8.0812821860594275294481668188140888931878595467015269041565469591037988243363225e-43	2.507254538714170331799990233586143267263696555948146141667737728657935158682492e-40	2.3748391171452513910127417757367678063296761349287791463448533224745059726950166e-44
30	25.826187606826760533910425184934556248424244487355748446346451276799214066947737	1.325503402842834705887923652938079089347261802777027714480011691671517963341905e-42	4.1071435690018472281321886038977614984563783575842548332201986254715895531780951e-40	3.7493401621674429646233308739557662051347299982929841470822160265554774185915049e-44
31	31.078661877820129940356035092225485462439949183646919735438922764746593943154322	2.2012879941628534573929378031538529666802159604705219468382183545140617170352856e-42	6.8129428951864278177580749412133268546654851743981796486046116147259883994797218e-40	6.0133532151590192296066136858569451150493050480259035754099728857682266137976667e-44
32	37.399373024787974574850323233584365926405250684796432517183892638572860765527397	3.6908119709699793156036490048583784757162618440840415911916673592304863393286273e-42	1.1412304273442282908795065103522235462696385164838364744435367537857293864124871e-39	9.7969471415315982960741326892056272828396301867617252869233872739857771688806297e-44
33	45.005576757004980935901687142776790393497138246664066983677218371641825242218111	6.2250317459926649138480501431129717497329450322970250508761598586598636169860808e-42	1.9235872161482512894020220180960042145879447506312759056755698234373768111416003e-39	1.6194901529530161728471187838851335980181272274173124149401601227811231538846208e-43
34	54.15871378079472499793391495731333666331786192735256358981419986633672209735435	1.0519398025754359275846366959414951093119787809894553057423285451523449831316628e-41	3.2495671692425245684490677366161107988039908300006628780461231655980987751745583e-39	2.7100569286652867573047120792612417174790605401294374541533658835367626984636612e-43
35	65.173396048824239519260808731035957182254082266589478664497258921976317408798501	1.7739396845011749287993348229556440179496318672008170033816607077324820746015791e-41	5.4801163843488188965927180415847714782126601572226333006369136234520764534585374e-39	4.5754320655044423935547409115539049216220715366513112329648861069854844570609959e-43
36	78.428220613376799586434869918596042865966153375708710944643299391367042247279941	2.9747083448306953079285226120919208693777380264144140067865737210828348669125264e-41	9.1929670084304239882048028054745343532797766473245732165091439681066040095922601e-39	7.7615026914232202348975068338866035457301065960032758639458434893648474084270305e-43
37	94.378782777753812952687092432639993987387124522842363497834665338955220802210251	4.9464480677542346097344653399823348833344465825504085082241240876194999892449623e-41	1.5296355277120294251842764033464566184508176838945961185913967522716819968658385e-38	1.3169709617542842457633108777172451608880264700053139640184148952490670649026462e-42
38	113.57333583431053869585589677831132668759997702118426285243789204048313108349598	8.1410018581898838992485483784244645810808024665484991161086227226143862940810091e-41	2.5196881335134629660454934579910744631070037537554670346131496381036897153788665e-38	2.2255827035117114826243954685882263340485799275062136189484084639622070271991588e-42
39	136.67163564620065302846290536423727139983597565016555792033720300407065763123814	1.3249851213602546014620403920664051490479514463158980131756356222087726876846006e-40	4.104952982901531370118308277525548402796280358915866202713651296082795795560167e-38	3.7319472713647841473932078358581884988445894026386407989116535926940724035354606e-42
40	164.46761779946638168381515705245122156804998062220489823343007393340001666065936	2.1324952249414833458164052360616819187706788386663023677983888893316460375696745e-40	6.6134709268016941647363715785183914897838176367848784218218211711664191324611311e-38	6.192428023848893720666366516456027546155269324104343870974063357701644755464098e-42
41	197.91668678535570842859189173084641070279321813100149823251638528221847325013942	3.396305075156607459911533889568258381918857731191004952949474571272840113482954e-40	1.0543263796478016999867958349737299082508300841256601994688504268208372959936944e-37	1.015161227010123797623615062001400452060108864795071592381905418144599681909075e-41
42	238.16855519761584342054395019268312209717976622749712416377265337681451147538909	5.3588031997227965116433996407300883829990520745216403244534348236752209698035534e-40	1.6650277869539978636479260812778072515648349052113892029008518526708596103162063e-37	1.6435316740650267962135549372444579574938467521798818970215921672067377711001484e-41
43	286.60676169482510642353043373268433358028671833686513840880378251458613320540328	8.3883251248031638372568246981396232995269193065513117492401766827436266932742946e-40	2.6083056621883393197858142597032379622408098632272973122415596586423784687111888e-37	2.6293079038403645239142334285634470602468551765715640207547401226239103552266665e-41
44	344.89622604057579854850138453146101025115653415848868513726932312003657397644847	1.3045151314227344480265939082106768724380161149162019950283761020776615208195185e-39	4.0588413052266068347865237780301483696729133252766757314182524427640429524170265e-37	4.1618073239634393365921436188289280872019444993746320195085802343878817613168479e-41
45	415.04047578504755795644622281332078122703376351019936507707695771089549929623361	2.0181897344882801909759498778803424813370351142803803803367833729982607335175394e-39	6.2824417524822582540577781352352570996166460173350846988632255368673118219700738e-37	6.5285815264630932806002423366774286460001371887366335071306158411947700080773788e-41
46	499.45051158551397131532206378594457120215560537691323128715221645291391884799373	3.1095765989067695152122498065987877209408017464972316791025472532614838992625189e-39	9.683522850420863722006177922784868521273331255941363656339688020672886575731834e-37	1.0167263197527732866984089435539161309863828241238491312233327898763821724446816e-40
47	601.02767820703827655438258771865271116255556070347630048245636427195474875640516	4.7758985435439749145796915788249604577547287018219665779272068093974237902986734e-39	1.4876989919007395477094217864130040498262293238797174131043141210421329694148816e-36	1.5744466352269706570068030946262689572394439029411049305483045270130032892374895e-40
48	723.26338964835363576608879918540796467262366446922730184887799040493517707807932	7.3167146467197479413269685660067526215779023055356999026596452345534730430568728e-39	2.2796905554188018459502436107386897720125020877056115208544166727683925976355699e-36	2.4275392569545347041169362862088932098681067350767948723931552063684519913506173e-40
49	870.35913614851621132516030795051820692322978884484362381361574721968272522367051	1.1186533234165889485729203656992312879289118889380692148251096698143213729519574e-38	3.4860631563608498806417272313163914455940197468056768117237709489225221874600312e-36	3.7304777361827925734310776239978583136027872736808885644478427995299428391284761e-40
50	1047.3708979594495264523539291314579735302557043121271899710190930876003833615054	1.707422798872446898744494556525046336979627553950450810688601064372135951181656e-38	5.3216603134539860668470937101653846977238419960605286280367698110179408642093566e-36	5.7180374157942361165436474260206520520670476096377880222724591601948504992207808e-40
51	1260.3829296797274437742659069751171289268986941236754472905856151514861601547186	2.6022836640298447434630332004503750596394078759053228380944794244754845854380815e-38	8.1118113771942809846289637461016638964902098944859193572880571080849022306371412e-36	8.746608031618799461840692210238535986250832474176123605995030370852222661857666e-40
52	1516.7168884709228979732657895432429681773820065298391223829320540220280696397663	3.9610154236205140000144883154631794507622920092836159771298910208933289192437912e-38	1.234868192123136435425230824597258897239814333911360599442295759293280269765276e-35	1.335657163192647551229864740738546507668135216779330218325839099710840901748127e-39
53	1825.1834943190433022861174305599893386061470472115695358877176984942227932697871	6.0220773594087490390765511478952264477260792634549601018692575426990368862718745e-38	1.877616395134869091964014258316083408571857805366188407923833917511961042857328e-35	2.0366436360695422586164335375165891361284857317035581467088842180048359019544356e-39
54	2196.385372416546211665209632440792754215941724297841165406845489411869825386872	9.1455566217901592876280990171780955539532882849380055343699416251281676661819059e-38	2.851766343430141307722689010211522435603235850801263693834806108626537846624454e-35	3.1014801258018859681779139157595150548928054497279726242125263295731606421593087e-39
55	2643.0814869741052734311846257145367348151936097257109267377959381423337384313201	1.3874756764278360779422576122080080842574112264696988440494534417692661457585041e-37	4.3268314699821153163517712872770370482935038044675393625261499547705137618509033e-35	4.7174298363787657586273848895940900640818146610662602688411830324402229123817132e-39
56	3180.6256927941194834784764357439690697423351834485028409314362054617989336870164	2.1028761256331541480651574990519353525265586834669188016773847865871806015301436e-37	6.5583886375725082191307328391376282789073496354297681602033744557360124085893493e-35	7.1673749250011071764306152869662967291339396776627690802853564702601114658729371e-39
57	3827.4944785163123693485578921295378454745580610245065948866623585962682831500746	3.1841450320298018468558606276879472564966495957380562747041291193849013634476066e-37	9.9314704882451263813281873431722518211655257882994341221198133426173762168805009e-35	1.0878287880979903263373110340049686885418633194574181526694349676499139817868884e-38
58	4605.9220411451060922951572831492098094888369633732035415910989343215578787409171	4.8170141498969470099682517714901767571335598159355095540387597412030469510024962e-37	1.5025694068235938595133699839334325841582960444629926691631193171029146760613552e-34	1.649410343052065306496699526749752221077163671924999177711549495417598335003435e-38
59	5542.6645206631057424152838072862586233306121165543188189153249679714456006496402	7.2808521316662009457780885901170634396270133394126588583780718796630274263521028e-37	2.2712950448181882693719807629158847042289420639689779119217806818404568103894638e-34	2.4985192206617644583943439831378083502748417545914470969641266238685261849416352e-38
60	6669.9196630301215654469826423112604032046326862401624698648343296253258737552416	1.0995571051301205401235751191790706796863539884275329192951136282775825626462222e-36	3.4303843666895858421383064899224407874217263011736694641253870455513808376182279e-34	3.7812705387569734936213677624895876352495475464286853039589931343661639384943082e-38
61	8026.4335222571753725026070072138584836044855894942238811299302969703503633499231	1.6591894993749083741752831795684757243642383629925917149321802130309282268570079e-36	5.1767076257381464533792723639491543160959788455845083817668177118740726400165729e-34	5.7175131577521466392669036037334266326821345011994409183455986758879977196979224e-38
62	9658.8322411587024535273139637431314193647665289570909791448372750689736635595424	2.5016566616604222734829064916750013140282058088328875775059130643906499476291604e-36	7.8057931672169925575000241064184690897314170118110155080399099008416847852587165e-34	8.6377962938334689310888716649895271020309475618481979562805844484881702528017913e-38
63	11623.224686798525469956184929855750402124377773712872400299643051860238816157397	3.7689776649846982823019845381890636100602391129744671960455480064045503926625434e-36	1.1760983515132162342079758650914173237279698819460490386202367804798300566113187e-33	1.3038761192332585978546048107344775161857093472563072032414386775299784803248285e-37
64	13987.131026472384146931309990902017193645055395752784080855721251644901122579159	5.6740613791970101832177148432152252829914880099690897501860856511179125751172192e-36	1.7706956289312910829334282652420868650268983903548494800015935349660068381163656e-33	1.9666093802463208585835664018044213201196057930769856047009591426116639868434178e-37
65	16831.803533309567372587904201698450406695991576039456687760894037740847635256047	8.5359019629828840541474257367425325063282098702687931619861638376851071008298447e-36	2.6639629862125228322724413251846864047200928610230238560798716567522978478888707e-33	2.9638682852690784095834171360921441822247281249753035408943146653483452585383218e-37
66	20255.019392306669768350901802298041730611814315685263709762287137003723867343016	1.28321634622601949437994469191966850641178083704438197837991268312111214052542e-35	4.0050377871697303309877494851587956893860772172368222495363249609822256155346164e-33	4.4634351273440542290679053170859828751972035418013688770075233149072939820946572e-37
67	24374.441501222204294370814346839041143265776127419151178906318298982759108313759	1.9277706936331785047865967858103334770690506264164136114902610854874536904065532e-35	6.017126963702957449345841314688380476548112580256509793521341263003892285481313e-33	6.716755160313542614119912035206680791187318718324732598037730625996991019424398e-37
68	29331.662783900444557944595708783288973839950089332174163225127373780143610446608	2.8941803755395063806484490809813394031124359710542513113822733179278881327633696e-35	9.0341143409832645805958232264718448581687813351205837791790094553165924090704609e-33	1.01004350489847355166509439178304028473974138250033128657801676291923492511204e-36
69	35297.073027306498206900590022298761095892445340138520376135173616869103143368693	4.342301404027319095831589397453717497906866379170403712673247567836951489972757e-35	1.3555179869841329317740748090743286945056467147590545135738828814906098717085681e-32	1.5178227176184127405515996810163011993216330428306715443882701545131087785450834e-36
70	42475.715525368989955590749940502767826227390184838152089238015671444933614072483	6.510998437043687773972359903688731368728201851107879549221416604997297148846565e-35	2.0326257067519047050156509249931701822404854166919124374678263074921274440001848e-32	2.2793568663934245704043634086622824660848304484948586796414444144463647302884092e-36
71	51114.334834401672849562927285144868004831662301582758052945868315586737673504841	9.7570210883447129124442364502672516179169026680639033285078676555161435955168797e-35	3.0461463907664695357376038545519668256835020892104039441893819801868786246891805e-32	3.4207673096385918080947685552504913117167191749277797961941854926103440595587474e-36
72	61509.857885805015379527442581915530912483673298345232434974733593143654488294799	1.4612931518529537682124524916232367730199540407383425906197678690958128346372361e-34	4.5624047687315842383145235443646908759651417744013784138176359924514937291986205e-32	5.1305506239165640399307758444049616189347177342452023911009057102542133487042206e-36
73	74019.599969156428771741642767788616375021252184135134963034030346861010408181045	2.1873384454464559149103597632495176567859831953964527422843614246160212033171264e-34	6.8295902680931986691020658225297030731881382031989269432184050237775879657199677e-32	7.6902883203708244230419637330078861670659038917259998712774285861449413580573441e-36
74	89073.546386104397295618563842713398270107535323487586212324623524210761788974648	3.2723586112761381459720605464413479628229383104769395249114775898758104552725243e-34	1.0217885889858593327374953258761578300870636671262278521014893309795986829684542e-31	1.1520413849231247004402838238705551889967814397025609543312037516669213301958059e-35
75	107189.13192051277446769820941795247619181970454435459652504455469269361125568338	4.8930478548828162104433937776944602495092143355587403048575469797812927457601807e-34	1.5279193785043452280415792716938932311643379543981923866278505029551675186417458e-31	1.7248391711416971836918083422032284026649645675981370693253688097435739762449859e-35
76	128989.02612533086306743884732026405787756673554036982082065437483440141691766408	7.3127171980862594564940292855373763485204897844738935389714549035210817036734528e-34	2.2835994341426796268122387306465124268333363430380860999651430509778932940859985e-31	2.5810243485450598733018395345267730181822572256892773864424054016621040149349996e-35
77	155222.53574270474204045790156879609000924253234235911147730756662340381687798991	1.0923595268401903854336589898045138172953311228742471530453001035979212102115631e-33	3.4113501868933469851527309424206520222604041915590956467923137888929651655502315e-31	3.8601672533833613464923693298794817344412999394835146776422255420928118427223807e-35
78	186791.35990207824992510737600373061886413435280654619598671823402072663406284554	1.6309715908159513782696873703318278869769068577175781698861182848716317055203428e-33	5.0936143791610934398640343050484659069775716790264952125459319508297209405142841e-31	5.7702933317952543424092405687386102587970277643677165409856158732047211034847591e-35
79	224780.58335487254536311895688676640241513090640486034657813462579534881994580054	2.4340379685682326951251925425202049017227231885377232952937039742873217331168075e-33	7.6019570840323914405999266994128494106270075302490028709976547137434907553600146e-31	8.6213308200767150999145974860009266483469889052187690891055089864524339684657366e-35
80	270495.9730463135097344554814040641207101514688640508989221496246424817555540015	3.6309006961460471074054580930829733485763400268621080526783657532284625217407014e-33	1.1340450152192165594981175930049517121519080707185837911522862876459765401742938e-30	1.2874844029173729874732818241049052310212621582284425077123871374740402800285221e-34
81	325508.85998350581321734605371020682219832131513656453463594114709321508669337571	5.4139360754442313278853894636635849745902645800448203632112748097166938874316792e-33	1.6910108193482689860124016179231059574730416538032008887302580900998796208073115e-30	1.921795602353243327738387439782804196032078746687776779826442747315344915157532e-34
82	391710.14908092594903521938477055292492950995642453323509653282337067755760441152	8.0691729266550269198497143822252399303387701921083311147132478267462465179943105e-33	2.520456055223682880713325552423147463019937659413619917236872699553475634571111e-30	2.867318889073148975832781997373970131775563792935040623539884489386463975217934e-34
83	471375.31341167237223526745183992027453917044001944054994919990781476204844099733	1.2021737958904080174776535513675103584794703479215427270980302629774831387311498e-32	3.7552057206986421941582949205848077153175359869256453858357318858791816793107622e-30	4.2761619570215337948154011095943393005064183664904589336918088616477492636714731e-34
84	567242.6068491978478420644143357956517415913824915974007594949138983593524933999	1.7903288055062149917595010484050625014186250321753614640604874503181335357212804e-32	5.5926184378895665192728381172298033550148714107512324632161370962016914562583661e-30	6.3745152471550113958997188790118702575254896785586445467081435587762714786625709e-34
85	682607.18342723883516967173259162096170238067822892234555770319637528202973218075	2.6652037505935926600853035135812008178624202499089165913710238106088178085297706e-32	8.3258442880690122338431514449778965453809626396576119465275323830887814456306341e-30	9.4986161386024340203648686320994210932447978845428054970107463968388142235458017e-34
86	821434.35849194267909838632110569986570233783374416321227913699824023380374140551	3.9661093091958007892988753748193279345844318826742528906902599030106977637269498e-32	1.239017975203582713732472849421357755335362048251152066422164449822573761680273e-29	1.4148119765119665998090518636075587174846892376637725029267668146716274905429525e-33
87	988495.90466255841160691570959805668453553699504792896932677590014810353003290541	5.8998365450439875601730977331261245454813816712414746469034553056286784201783027e-32	1.8431792129248421139527467384458047694411337919925613455053937743165907449469758e-29	2.1065277687526172089487582434574087164525947068115204711077968908335131867496534e-33
88	1189534.0673703195557427520638919992846733394355958903593992873531650975232520875	8.7732505221810979358705711763097112194026059807041387426954656992467136053144205e-32	2.7409580297479091311880578933022265280630314141096356335043823023369272500604178e-29	3.1352369911352097807185671897172675714327483730665994698725315344620316553170211e-33
89	1431458.9375234788870462283135699839730808490035542254834351541512872187312244929	1.3041585194084268717417368928565253030230585218432929333973957732105336021926222e-31	4.0746108437649525396270842242534831062325185047143200880640236375307377924471998e-29	4.6645822126311750726563314065189154925288927262106575353244271622399425137584374e-33
90	1722585.965398786483199666075101727778934180219497187220718330044804865252544552	1.9379984613490394577032992197425996438393705147225216818258556144826215560848735e-31	6.0551195780866272654172631321653654121361704437839024086233221140051522994398134e-29	6.937429908660417031833091373271955889990857658957606207057260013603230583123397e-33
91	2072921.7795953712621415313919030594405849599942946413978997642125071021018220467	2.8789452799543978574200235636415269876911246027092660327074801850713915648655831e-31	8.9953052512495897854971537040101487002406955861496746528317781811476407646312845e-29	1.0314117216446382391151582500099702713707052881888619100924561738762930538634918e-32
92	2494508.135230316256849805043803690099310604064651873632742866201022093869390759	4.275372235390918668984604174278983030152438180932745989161680822869167120791297e-31	1.3358856854088854100426428642314850555782431851558928703473407529082399673938962e-28	1.5329114687842418283296580161507757883093094593449264570640123699199853057964236e-32
93	3001835.8135755893375907613206465405852222826937600873048774090252169914961425951	6.3471456284674044396416629840500195243122719206601996850111171628909251760152626e-31	1.9832907062393298064696613720375998105577320686001397814008136993381314067881041e-28	2.2774950775192332894455898604582047537706058665673442690319749967836825933885295e-32
94	3612342.6997094315327206966279895531927558821268046940075270859543623068665154613	9.4199878283254515138414496622766702727848780268477827594763994331201314737837535e-31	2.9435437779600102118102780834383913205678946362259606595752830137667071099010825e-28	3.3826482940809162835287075919386958032638926778300278250094247570804654131434643e-32
95	4347013.1581250242791502611465897550947841929882100091504410699766649341489373851	1.3976318461222974508849696138883530582635861128898138699551780624699617168751335e-30	4.367419347527461542252571592203670470986311282125168283006931442900078927426124e-28	5.0224866621484880237033071000949005055543945548687472349710333944015729101084522e-32
96	5231099.3080562621716966842935866334870960876811545905578092415191395382554885781	2.0730458355684918313188616912802480181093966658108230094124957791722903636936162e-30	6.478174969902473308049518401909251306856152478434836294828492995198259672728799e-28	7.4549834266983779211533665236409697606353667641133853275565633220701400319480085e-32
97	6294988.9902218875266859839623773708119657792222159464463189896495196628171850758	3.0739845807886631460433666406024091891024692925889876487420668208260020231761572e-30	9.606315419598322202878152930913450485216953948986402310168172082791449851014411e-28	1.1062258060714099438614849153647574600144646437603638501057560013914507045911007e-31
98	7575250.2587719137876397694640499358957448049972090101504616644620207101807552868	4.5569474051074083978002375438990210731843431894797740180581782376104902922175884e-30	1.4240993790792552671447098385618224633235237157602726586689807234721480701847294e-27	1.6410176545325621262435830088869032234859599980341466182901821469753798330660589e-31
99	9115888.2997508221049584842995841425933191194586404532948892713513687863194384561	6.7534966107227707581497680694432630968613249030666818468814504609986828246895837e-30	2.1105995169639363661347956866257380991710394336679457011102195954434381482759052e-27	2.4336500308102151582823857863194777261398151415540353653011478651682405954890948e-31
100	10969857.978923836322137977188414253392918263133152357128650640552465728342619939	1.0006181748931436105264497564300808660199019606711935679748861698274688653628294e-29	3.1272035830766698433031407616285901364416143476877142258919654220356477457460785e-27	3.6081229851276257482681257834599255649182335994320034026568027109263232675255521e-31
101	13200884.008314178605312149466943008660977062749781217794468515781738309336998272	1.4821621514621436160330780319689404931385887001498653756546038446763336544084892e-29	4.6322700293986825471866481823681244207700657620323828257186595022356464258132254e-27	5.347929887129362894585412896162523406352213092383252782250290520135854039090441e-31
102	15885651.294280527744738135551361771340499425620177113950766983640756227492701382	2.1948922007312903109596611683285090278455543764887216723108371917231530273076959e-29	6.8599585897567491886338106808923632500302482362619239888350640045585945997238322e-27	7.924538409985481416552715299457760927093712709944544840753494323811997904147914e-31
103	19116440.753857022270103116780859446718117889570085730318155175278430933434495192	3.2495501669537389278794755601853287638334931977452641786738920935775219283891623e-29	1.0156439160677795342972891033994592615672559337471588153688967465253439770354138e-26	1.1739477850635310274970969386788971064138969962835936097162333539746265124757905e-30
104	23004301.197729179688256747668613197325164026056554417478428293150499985373375537	4.8098133268042409933235431802294127239321423433995220500742199959111901924722748e-29	1.5033363445065028495229092423728067064680346619781902434189164440486205531428826e-26	1.7386520334605463997732246569144789977853319496615323526731609355163125904025562e-30
105	27682866.303920657370583388837222470664923066365051490129703250307412656621206134	7.1175478425450649920025397348924727015524202139216107917145018082310569691050428e-29	2.224681442392034309536688086080623604219646563414255821307887391338255545716315e-26	2.5743531063922077292156660976928786631065201083760751597430537293975502623111141e-30
106	33312947.879346731745095366279411983389729257144324436694432332459641740003257645	1.0530087210963681718005081705097178308649504391948673940654903202225595367335452e-28	3.2913851393307829405854640916065993286547910306602730118775246836891495181110967e-26	3.8108117314936384525156071150840493155487415846628460270160571234810197507697458e-30
107	40088063.288984650803282696372613687505074960684480327474071292760362282372517651	1.5575251613192669576477525301315577457845001030917634191777200708204740020721539e-28	4.8684521967933390474624093374486260193345435806080061120966647134753359564402166e-26	5.6397923188616723555498653777125881855699249064946656296823922038081458825693623e-30
108	48241087.041653703963004751424655453481573051272062948116990048071534154302793664	2.3032536530386608041153979908790937567118264864431533909233902119056108166892337e-28	7.1995693658873652321118815711326834637647734834300314054197244476660477377552383e-26	8.3446322498809212753857863630038707429410999740019358777585032626528316371180605e-30
109	58052255.160948989458738268317746909879164780783711790206660297322124266958049487	3.4052896614876386218874959475098233022013021561766521134610557286349310344421242e-28	0.00000000000000000000000010644555741990987837488848830318508612232702302633277176403378386136000334706564	1.2343886635896562570141364881060469395773168506104967962855815970433980451759401e-29
110	69858797.467852474241907446422743060939899031564670228624071699831423268504612149	5.0335441601234363497338607679837966137421292002331124394565850228266406030522495e-28	0.00000000000000000000000015734607517742282106015061716118801096360669746872165884108868857498154120532241	1.8255737049054808794455798293193261684936732933296242309269139428372858337171036e-29
111	84066528.856183250766153107379360450713443386299073207326934949074232575406829192	7.4388040250360167206760482701429950038200926799645344630697708052139387193240802e-28	0.00000000000000000000000023253778230574179678757732813547913915251045880646624073186300470446280416518836	2.6993025803710990053685527837669078034825668062770857182449045296725174968521152e-29
112	101163797.97662072527969449115127832523341928784729483469823348668466880424919675	1.0991161394142895803084474395452407424591683598717153896417850987358991883037371e-27	0.0000000000000000000000003435913358163176252306220505857508398556469927054902740224438140023266744725527	3.9903453432835276984696192286399954136853078935424728001206329803260714867696472e-29
113	121738272.77396613101343511036580361241954190147329664490844157206994838693040742	1.623667336877781907889431693936348159158926803304524974205056321751761171816351e-27	0.00000000000000000000000050757908676708921267151409207005666318252618760630923586216479320420338250010238	5.897636693126215674691249730596613579744958733459350573901722300091230683062379e-29
114	146497139.83072857969475982041520573191651365420033408573360233009054266468504613	2.3980886858476827289077097207188200559698422999798438775995499919565157254464915e-27	0.0000000000000000000000007496866808611098649561347549671109851530275260859021077025652319660551771988465	8.7147716749535175682416782085464704685853349615462620194719899526525931649217622e-29
115	176291411.80959476887082248524638844963252801050159525603621082508989006249195581	3.5411947229711136376921689224861045966755223627515804693363137021380280951103992e-27	0.0000000000000000000000011070623959379477707805454869949204128878454486445922454425304493773135298785225	1.2874971216138070314927825946269461029085567128528251120736970868164345802953521e-28
116	212145178.49106300378592346194058417410369446624594297913701480030014342852786608	5.2282022060332428433970087032131693455745432480070138134379883213402876468302659e-27	0.0000000000000000000000016344899463461342135476128377047726473083442895606417201226033218918972575675943	1.9017372533028716885076294618550294249072816048597101867195295919139422378002655e-28
117	255290806.82395173064000658587441255030432644172474443950280737476482554447716608	7.717462246670253912652122300274920204620501028600805547915923198767109055508219e-27	0.000000000000000000000002412747272452778272243333900226255736281016267459296587384126274301081312333963	2.8084742177610499662525673111092764884164528864491084828931031560456556186581868e-28
118	307211299.88617575743426614554376251028671995718864713649313012534170903954172376	1.1389843245781164003934887850686938239571897829859229404894049466285148990678923e-26	0.000000000000000000000003560921241927566385290795918075706409373147461554881265632816755107387690581999	4.1467484036483143128063285693749180278768419240706882704707505353110981346344945e-28
119	369691270.71950272522093736993557024879850546286528922438266839065346625596241223	1.6806743007061595600662073081112344142994630821008077542216575589388291359226457e-26	0.0000000000000000000000052545477800307909129222037516673252977331147645367342509443441524219687913606662	6.1215843569375686637186906710638617772513696559292794023920107149013645879995802e-28
120	444878283.11275850412311249128648119917924069776753203658497289221777437481626468	2.4795529773715852720388759949528496781511465161198281918463492579366092552061714e-26	0.0000000000000000000000077523292601123953531199301423426775508147319480660186841949483324789952614716216	9.0352556076388544955476586844811835648237491904682861642143375374375176356394424e-28
121	535356667.74107250902541012914990723021421667216228938814439310436795074826583624	3.6575363075464033693940225452731650917324927960145164140080102350704967130286961e-26	0.000000000000000000000011435479168511021128859966832097938508520240340995034866668908195640525010709727	1.3333341458982176155981441107945826789427250183620180873334367915723069505885079e-27
122	644236350.87213726545841663002408673783886936332017889728219817782044472650928117	5.3942452169647772700047189981353807550260815201776253620946836459893265836166662e-26	0.000000000000000000000016865653884699950291339399085546682814751273543558473717301796961740843249594796	1.9672564208343561062047735262652449354568829408015427949767948183452975597619093e-27
123	775259748.86294611274575459721639263171082471383093405585739583989784278620324186	7.9542792826716739700234492222045686697422975276015486336475098482859333480411385e-26	0.000000000000000000000024870240717663357140052841746445711988768306407336580725594442225241291814104056	2.9020692546427908113446348833417349636715237182758712482125614681528916940729502e-27
124	932930402.62846842830736035043018914839693433431324433726806741770893819976413213	0.00000000000000000000000011727363513402103605349958162185603950747761666674236809099210037058628812620873	0.000000000000000000000036667903234915679438686367663369756470773413289013693072828739605007894052333504	4.2803647884482532405860714190535423671681606563408400265814609529080639652127037e-27
125	1122667773.5108135915616664724778681752139261089338573278565726186004555145855095	0.00000000000000000000000017287436442908328407208160279067797255794025201135417746821744175070699511826279	0.00000000000000000000005405336134804601111331073411775799523830201402813118775768299182761339589290539	6.3122086337856728720027630572318071230901059383010820915721509446666087423655511e-27
126	1350993521.1980268050622660295632981898709486916810822175116261241650314466532864	0.00000000000000000000000025479604700258986607101002483686988119532697489458597335648143202025577971743561	0.000000000000000000000079669318646994703939142468129544001177279359161735465804148158522452278959381359	9.3070225055484217450141762200409556015973215987307576669713599574199599036905021e-27
127	1625755666.4437941529013964929847793763010541301521815156296060564226363105272038	0.00000000000000000000000037548089667247559076290574349922085551682966157560210145885985836087689769844833	0.00000000000000000000011740658637704912835117452387106415693542757110391011849852405623316336789939845	1.3720511771555870993322109190837922060679920312290396091003371553025906318778298e-26
128	1956398343.5170641059169008411141078629673078133739353727492308879326199385185978	0.0000000000000000000000005532446684774475205841761412559727947644895406267171373969965721254357194768101	0.00000000000000000000017299276602576606577265856641160408454310643500512048513327093362539462828215577	2.0223728281449600978186484334312185211999516768998930940687315173362012282262789e-26
129	2354286414.3224175141315942610429263255963894715502954221564899692433944929968387	0.00000000000000000000000081504575348700209345198001644493023082996702697504391605440800262345716296262894	0.00000000000000000000025485824071309170904884797606340114889249369140150571425593400385219312523204964	2.9804696302904978194929898274172481774218031392812901874076246570223428652559607e-26
130	2833096101.839324364803490585485980226138624815411594413372272307230882092854861	0.0000000000000000000000012005581551830983744327494542335684774439253534081006041911170580136742610647	0.00000000000000000000037540994977818005352235340522721576411950691391572602841538528668098871248324104	4.391793599028951135594851864725387606566686271625463492435479419423681874063737e-26
131	3409285069.7468121036138642432413716853438582044706641118079260863810811790946677	0.0000000000000000000000017681615813601822810325668790499687137357114296357941533726266952967413880718638	0.00000000000000000000055290473926372599460877864786920339591924614158560594736214734977766645761583311	6.4704431458631773673087538069943197570348876233462677812618539473525830212755634e-26
132	4102658105.827192538738693740792895666070612547006345535730131257912612123771478	0.0000000000000000000000026037499736733732066188505024181995134810413208093121801062331634235922616752265	0.00000000000000000000081420418526735266254965864093474099691096734527860924532534768572231166717481331	9.5315191868224484499466252261475512657827979831670562948244218983162166366537455e-26
133	4937047852.8390024401232894159424695101827789829165507446848945400148363399592537	0.0000000000000000000000038336830792843625003374079315678127820350164463132530412281996469472003315419544	0.0000000000000000000011988251768704878298480193563147836748879563714154625255214346035995521919479964	0.00000000000000000000000014038713431508668515529848695731019393070572001794784529401530308667836569146864
134	5941133984.9650334414987417054595629673535402444385515901448330633309390277096371	0.0000000000000000000000056438275243002375717819334396741508191119715508476965365213351774456199854981232	0.0000000000000000000017648950445132600221261288523447024978232841918302941961970860834825615304902175	0.00000000000000000000000020674291276440720733175508731817774874220829030036610350498878948502608434523897
135	7149428986.5975781191713362712903318451377933422217923809134687869774863287239614	0.0000000000000000000000083075473383269944868225679385307065201641471310854770524563388488176297339207249	0.000000000000000000002597905736763983100817650420327579092098774287020570201457331983682708056676075	0.00000000000000000000000030441995860282307118043841323230484720516090422375298098557095724505927963388856
136	8603464416.6845037734664757025653264519160224961884051742031033554356134636174403	0.000000000000000000000012226845636004656540098074250495388593743482347611527748418325261754929901447825	0.0000000000000000000038235812208293211004269657682983491421742767567239376149451916818988580478424997	0.00000000000000000000000044818342395879559971551909831522572444219575650463004893039062901256572541549153
137	10353218432.956622135082133825331397001869248421077334286381830421722648938130162	0.000000000000000000000017992829769368965878221251409920793217305223707933865994445196333889916588030178	0.0000000000000000000056267886513990558002949238179692089747403945624019882523451574588865048118653864	0.00000000000000000000000065975032703336909230013837940682219656950073025900955971429534149874477455962887
138	12458833642.950079219123233038437671345158475887490417559636867960389018073741712	0.000000000000000000000026474566166593582783390198752682969536783113080284224401731273589736637950878626	0.0000000000000000000082793290189513727858237633954451037033862944947323600203447268488235819635578336	0.00000000000000000000000097105885187582138079637639191769919173518003232770584806212886773033257186458354
139	14992684327.860456402290613360771905771263311889583836364586190890806921747364784	0.000000000000000000000038949640446525687705464766523983986118992149864305649874811407000723972175603026	0.000000000000000000012180772137383448542425994004258581925361153102574856795842076316854039135825472	0.0000000000000000000000014290734008671001420242504884247743163081944676469913047409644825869011335367894
140	18041864093.920722503956463091757393469371882423560792413930667760381447842881752	0.000000000000000000000057295977532550964829086851924523604773772308231702751848019317924421080595186011	0.000000000000000000017918452368054565287516963488585722936634536101065929868016155068161938858824717	0.000000000000000000000002102846047293050436249779447363128603731258653259759145520931582333432375458182
141	21711179456.945041156827476159290202592810479158836152272742135629612867610448076	0.000000000000000000000084273636215521372777270293507973473557020431827507068842815972033084259827647374	0.000000000000000000026355606571042778174409126738979980093290532691305779120427443895234428994007359	0.0000000000000000000000030938928509790820930912359888731700737912555865384464115446507993822242198284552
142	26126752255.633282886087340926902547568055230695226522972134428094141106736837681	0.00000000000000000000012393873882940418230292393354935000832559180998422288432387585959053060675433001	0.000000000000000000038760841685882638329510366110732671889156640837201499496675892713536967392586201	0.0000000000000000000000045514395171921074552404737980482584160919101830114720252038768019914099811031516
143	31440354715.9149973163888728331902639203750624503503777786093891405932318355812	0.0000000000000000000001822514335354733642383401406619562470943701668650779911910808663049535960342962	0.000000000000000000056998292983714223426197250201455686665198884837352731783606299739457789256518183	0.0000000000000000000000066948191154306899168173222254943058118475434803211209499000471105372735447247655
144	37834626171.319294364055927131035192674236313689321851472051054128643649242721461	0.00000000000000000000026796875449849452858636980081656279208333175954433418768557209911054691447437927	0.000000000000000000083806895172479223932901978137003043391468458139401377865936460035186944534223641	0.0000000000000000000000098463736471627189621061574282410517687730696622137992910767836749032845224487491
145	45529350748.669492334455934903211725710766833807938759751015538069026164096074357	0.00000000000000000000039395575749771661751616705923856876970579016051431280338035921329079471926003168	0.00000000000000000012321048650546585703562627861596922556398274209244816348295931796953028463996184	0.000000000000000000000014479780535574029452190983845650135301854498241854289944836301923419411899348533
146	54789011795.939423911769412881418592846370743983759836951098661654315349083677185	0.00000000000000000000057911069270598958781428753042816248800365515857474540942872696275842085555881813	0.00000000000000000018111998017534041908320368469289232239480485990279488640622553204477216575667221	0.00000000000000000000002129102844048715901249315227009532642116989078488995478549958486974419053884429
147	65931882713.335467735493820858731206839191239456947881979362548508030643485216611	0.00000000000000000000085119151341980574651350918536116747598542744052830401023039815779854079142316283	0.00000000000000000026621747082117647526012277797647524059034242168526801128092279418826077696971241	0.000000000000000000000031302647228681148357905129015085454018060523764372630192490125486885417762669622
148	79340966657.974917357037171008086010476415421993964362293652975833783269534779961	0.00000000000000000000125096532130742671867151744937389378453287566028077685620443310191370142063801	0.00000000000000000039125415502027464722507141101630177618719770823314425195077475740856957237076321	0.00000000000000000000004601675769009732854509960891273374461985287633255517321799937349549944575591816
149	95477161142.080581369462759252443704688264319675410332615789882119838361784962545	0.0000000000000000000018382993775154608538482522993412474088900094137838920180667174095636759883437941	0.00000000000000000057495557784563832484360132835811540813713910848744226370423647145776287515199219	0.000000000000000000000067639785841490184753491506600507588731764627345970492532057372091827343878584531
150	114895100018.73090586526885233752111955645020489332995289461507368903876174988901	0.0000000000000000000027011013376951188219687474180543428837055979630261306558456804679127553007467838	0.00000000000000000084481813028634822778826049296166445868516287465868211992093165060456095569502485	0.000000000000000000000099412367057557571966641001243876193243928235518656208434977644065842861423601699
151	138262217376.46558614193485423305802536287569634244537435556058337995010920858845	0.0000000000000000000039684403206268362176892910138106427843414099014090147853246213380060230350558032	0.0000000000000000012412133420639310046730988604667524033200734811556466251788410865582906013586335	0.00000000000000000000014609363462037165770629677565698457324865599187417626036950140466350704518044217
152	166381688607.61287925324443698036248650165782585944435045813901339271003302317123	0.0000000000000000000058298022276876346384223801467776280952463636963150199946964623009922064676512177	0.0000000000000000018234110285130104742322719130264960586831213044335117235809808864582513789204175	0.00000000000000000000021467207404126547805271902935798743173760214482321758850064011772056346709800206
153	200220037181.55845653529477480102344997331964123376824436992298519541538513801412	0.0000000000000000000085633446584461092393468558082829861605768827008186163565650013518675692418790026	0.0000000000000000026784176220950302749700296243782545423957931784439233064502113507513295314027763	0.00000000000000000000031540884302084656448248168796404650469951679167922231448027608886978713495183364
154	240940356023.95251183692229933961126673310630961197836646318548980933430409664624	0.000000000000000000012577354072596888459972875064921766693961047665639681624922475543399225930554754	0.0000000000000000039339443617125856848165418253937620489580877646218501257970343067448475974968672	0.000000000000000000000463368913390149506846732143534817553293166294517604287685431595220376277868533
155	289942285388.28766493198085377755475823892063393544479099094069220647116095002971	0.000000000000000000018471068796378018933098127588123361022750418080363645002522051452435272758119473	0.0000000000000000057774334512906633338054910922403397577321230003181407129390646863749122665909672	0.00000000000000000000068066792554416588650356180299061227160941929916289931586128156278472192735311535
156	348910121340.67726269450078957266148355768909640437649906758526981996156964602198	0.000000000000000000027123906670226094203588514800029070085720769245357832687834435336157296182737032	0.0000000000000000084839697465816013557103880032654310991811712294969319187968769500842615014714241	0.00000000000000000000099976901785083452022959433478456233305454645127335910978898995767159329153416377
157	419870708444.39097270074285418890911169654668940588088744442174122272455268771761	0.000000000000000000039826351509544568613831170157036190539820421856036112630840705664263416167902665	0.000000000000000012457224233058903361393491411835743067873818252823661434444164130473888384917573	0.000000000000000000001468319876545229718463909359775747563063772353757005852928123113024959316973049
158	505263106533.5680440076617510721735570753098326764250531100057472346713427490235	0.000000000000000000058471932310446191248436733290952355091386672613044135128003436309806869134977197	0.000000000000000018289508797603565189917615347137277417801061336618456743992065898236097679989741	0.0000000000000000000021562489659958717085578971762545076428323014168426727154779660825146303759898213
159	608022426164.94231184305971939547924687201589545883408887481467369405107395610395	0.000000000000000000085838788009984258148252796082470426837759355448820499741689583856388448755223035	0.000000000000000026849855742537796328986968858865709118648959950438526569271456023797956202322003	0.0000000000000000000031661752320034123907768553892991861785700519545469672074680768454636586689752601
160	731680714342.71964759477955319074963607401511842170255565440441045957803410642909	0.00000000000000000012600258898704757627206944447096081393507356753215213416738113750640941574688973	0.000000000000000039413189477494418475730784072225780897936093956764939619325444969594569676669707	0.000000000000000000004648677186061552570824387292447905913469129928026251677165740866184026247073463
161	880488358164.3462665287988406852039522183620955553042594085167194496744618784358	0.00000000000000000018494204832420948583447306845113650789718634326366238362715598448780461415172466	0.000000000000000057849746276256875472154160803477762909843607421655694204338577318658621557009449	0.0000000000000000000068246879576670456187693483434238068993826992364879671452504636718627228279167564
162	1059560179277.6159212777455053503746225601944720297811499700415612954403392756233	0.00000000000000000027142677858304971960973888268382625409863145114906977386443278562430996912584863	0.000000000000000084902821113989859168379648056545812645748120763299023089338888475490582506775035	0.000000000000000000010018339296421414643794026381377555798623688947643025120509065113577720892969935
163	1275051240713.0131305127034615100071885471911650588929439217964272490741852310966	0.00000000000000000039831904899394828926040803095365749777473394200928594309605268159477025517248406	0.00000000000000012459599724513134415402775136259735359178565689041953852882016455670575553126073	0.00000000000000000001470512588889077158455485905239577624870715972390541347315303213733724356326971
164	1534368408930.0123211565339213957415934579500952898379951202077940799243986151939	0.00000000000000000058448224894461705014881031892930753994582732763730661787939325186281761864087687	0.00000000000000018283017635745043401079704064143492405616020489592441102490729027547773296083991	0.000000000000000000021582530692914941179343247081287451174342188726381497546826981059785267663225568
165	1846424942895.543778570736395496714305456901356116712192143424771401472209938192	0.00000000000000000085757861239536914221853066599328773030550651695677029937163678166935001899857271	0.0000000000000002682588049286699164751213244979549624958518402251722288368105538774101731351862	0.000000000000000000031673577734407375136097063854589349313349397411908584716384537688053620728978818
166	2221946860939.523558011775515613222945739170551651352403181338416504522052968972	0.0000000000000000012581702542090196271054519682269303498038851086756201753916541338100972842948617	0.00000000000000039357083115997206253643693964283348224705479391065473709195928917508604690197872	0.000000000000000000046478652381967261570722978113947969846490248372668298895289343120310405136157183
167	2673841615839.9468892000593488057958640172075781079037829459256914891857859122356	0.0000000000000000018457302195869323157309467791989693043290746549417499108510197700709263187422581	0.00000000000000057737119802213555078887704090787196711766848819203008713802417795528022863899146	0.000000000000000000068198070383671470299805154222129093077229515029165563075603082346850497549252207
168	3217641750250.7363716018517439499495424235715165588190367834173861745422190393595	0.000000000000000002707452473104967154249018830951633130348914931053162968675101892195012462143878	0.00000000000000084693697348706543176952588543524252797579811611740912557505364547287959703619942	0.00000000000000000010005834036530177944990061402640400379934013239089098622178689443190695194684754
169	3872038781812.5551933399356387474422851148276196226358525025506887295950347943734	0.00000000000000000397116317575572708212420509137175513320667907069590446670077906758526179324889	0.0000000000000012422565608421725968824167245754667621297448453750081903085066928293388459233418	0.00000000000000000014679039447453599154609972887121274046293716714897526899564190934524875444801602
170	4659525668664.6808466927491911532927990136575603820022910897453682125691098746399	0.0000000000000000058242411657367368128875126709221842381981766928532137035125933757543926867118621	0.0000000000000018219488889547163502439217278086693616227305734771994191739517663634834618736295	0.00000000000000000021533052034892135365093256602987209912513677827788999380449013514933476122406641
171	5607169938205.4577886726660441608326033341093359907348256898825070109439563985243	0.0000000000000000085413425168484063365099620721034358255536268899918262190836950618447557365305353	0.0000000000000026719369765391918998442347429591176680409308956701360984864857039789031098311916	0.00000000000000000031584762717072495680910337262665764815748769848340415490772965341577602258977487
172	6747544053110.6940179797357254538274042083653150930535288624839914260387141202873	0.000000000000000012525023068379367491847027431285900207082357792214904116963207435720254879161173	0.0000000000000039181566789954785575434821493184173192301698275771160332144215079280194904732885	0.00000000000000000046324867018804010539230452165644145971511333797940108383951248803320499677844828
173	8119844993184.0119909330860576148469275166288012831542049021688945231508677315673	0.000000000000000018365255216396812674333738921995837937318118732241184147569831348883890279237372	0.0000000000000057451766180867102917213818680961696799470615472468034906286046481300599211756475	0.00000000000000000067938464498846613812851219145304301131305238360377337657876961212721241619804767
174	9771241535346.4976850734812281294417573919537383519214345808194316878483984475666	0.000000000000000026926621112584367475529650844740474365643113898200241726085714354103574039530747	0.000000000000008423476894623729427849102995472908177895066648096559219551750835505214727460808	0.00000000000000000099628294571525094028322380728269570093198192780940948964789774993345873246264464
175	11758495540521.567342520028788490513826935223356972449805621067235067885594491468	0.000000000000000039476043752457400964170556731191498343721999484286527577787535164740406119608473	0.000000000000012349410477435550998166586676505008114109741230055554262660980030793429460845015	0.0000000000000000014608832882679978827326805143061173242439585806765169613169121428871495931258613
176	14149912974345.759436017547100336967688204505653286514032792514973013115213194659	0.000000000000000057869890447919088868621350290942455468238014961271884519542603486665175903239012	0.000000000000018103739936545943640608265774149794894491137608433027272922621687169721365042706	0.0000000000000000021419761246401119074811226768775709426228713380925847398094642761873836073109975
177	17027691722258.999863044201665765212607340494710574084516360685456083585007490141	0.000000000000000084828028405752248654512508547068098710507426859131565287390578173109545135559578	0.000000000000026537378320098177780282739094856312054711642448991510965121957826512960505798006	0.0000000000000000031403671556974106464389946948030144908261954730854015011870475914527311857777901
178	20490746898158.470316603042483875417276998389300184080238940555937499371747147553	0.00000000000000012433521545162026138020133619844453698391441467279519347967251507473226746311705	0.000000000000038896968789452190714774917326682024668172330255833009861721042052415321398583014	0.000000000000000004603766964209985244575042359999302766836997159623918060874167583849290884908363
179	24658110758226.030643393718621557954729592370921884300253927350486329713540049441	0.00000000000000018222895232922852466261643629734200872688346390910125105605911280123379299857762	0.00000000000005700880196346211551358197536975643323725573980577099451154830029708601097190818	0.0000000000000000067486008732768158569060721404910831155371960994327881789681238192546524747354691
180	29673024081888.69223141936806496501991253613327688603360903267183669144372537451	0.00000000000000026706036073474122595790256618209035510786760567549398371558229283456185196556024	0.000000000000083548154547477751496174496341536470795979473868365456330625831475265157393284524	0.000000000000000009891953251644358495736737666829452888171016574337311036399190357396953247767833
181	35707859649004.631015621692437325137815456402756654410499766140746632647289735564	0.00000000000000039135481394940700613473620384414783316518476990298362095573028045628356874576541	0.00000000000012243369886156840769669245543838498169720985312631987246389422609592146590221874	0.00000000000000001449835245829445786785537684757787974212839737426382082238477337297601889719197
182	42970047043208.409531222641451600724330801534405323364928271379245249320273570699	0.00000000000000057345783276357776903092407784181958952080900783717519394928497009410310372989445	0.00000000000017940502579264446943060744829740789320080536930908682759007584287537756694570536	0.000000000000000021248286712178821365586923778504368382009051726696396359600683695497955361043768
183	51709202428967.582067761100661971546671485796263605482263391030995924262510240192	0.00000000000000084023779883502553290100264795453249573766316351021126079596528195995490961696848	0.00000000000026286824386015505934276160776068090456135425799847209298593927427734397476598468	0.000000000000000031138538276486039121116744757799831988714408816270568809824145769205219810343353
184	62225708367302.297777222218880339779602582518798654941067287292510540379811578994	0.0000000000000012310429586056424683387506370155434806158803869195909513322059066261060551164902	0.00000000000038513401565581590968468967240780326408516393698473909590773496359474421169723338	0.000000000000000045629103036232197435806237105561736341561752189062764154650692477960739200325753
185	74881038575900.226282998343394706525609139234741152722313731110474980127229769973	0.0000000000000018034944692610593901070066568613508906392960925083405249219146373793312533323222	0.00000000000056423005083624965490155646918650930143287310138382350891228471818450037625029354	0.000000000000000066858311947390670867017496501039201382863548169629364853682393752006188683767786
186	90110182516650.203436530920260520950896578258630336995297681885143418814625362117	0.0000000000000026419669044705372839146882926333612680695262999764784551115869817621704834085758	0.00000000000082655444978174348888209262514363722263151601797066742349776172943282847532620883	0.000000000000000097957795350360722389366745641650177172209190793341937362453897796917709964315323
187	108436596868961.02210469042596681212093979020090322870939857533943028565845694926	0.0000000000000038700022358737072994215353343429187532196961518973891769915174186985608666491472	0.0000000000012107597571261653102761580913879254055955436726255308266141855738970367585385905	0.00000000000000014351360180783603783917438395589752094132152686350838221898927045860732312312364
188	130490197801440.24236831269240242399898570830212795163138991690340763391585573047	0.0000000000000056684806842133577347747028318517354364873916788741721701170794535555878693048168	0.000000000001773438239957246285268321817317220111787524736574203548302754619773558534689859	0.00000000000000021024125215080293448117506400872727035109864027554436528919700284866753791992396
189	157029012472937.72191511855723608559380118126750203536854047298579524072993964964	0.000000000000008302216610837334389187381687033584229103849034222141020702789120857805464478862	0.000000000002597443228747035816511242363344926872375848853378366862608042972792613917030062	0.00000000000000030797392541631626419454077742458660037105306062090356189703351242561206265004492
190	188965233969120.97337086931597100706874099621471518905935582123167568151399709201	0.000000000000012158883570001794455237829477317423492842560002564104954715610548095541819077509	0.0000000000038040680788014406813581099630807345681955983680590520788810845824543839993662647	0.00000000000000045110894244921781405960288543900656889740653199521921870109457698440554176835208
191	227396575235792.81484816305858597791396470249334782259562153966592614337039479782	0.000000000000017805980802349825749244609551239423699987871500217971891959264808033047226595836	0.000000000005570870072947325855673742651960552546558691341740732919747030921033627342648009	0.00000000000000066072497304722475783685592761550985323664673011865097826007405098308727850583623
192	273643999707467.04878861370220115041727998882154851165894814204502953218875771683	0.000000000000026074198600240523735174017662705230116258920111616174982240674102093767549973716	0.0000000000081577542426030788585709728078795951443180816068424468712672546014694735283251174	0.00000000000000096768079955704502763974504412755737189264839142133220005942826251478169068446755
193	329297125509715.04358697483360648907349548208060471763415145132581593824568852732	0.000000000000038179409357184856097492841464437703229413231393112459853227923440537959672855258	0.000000000011945142803412734376030817294159611214345231765831200882287788072612420671750904	0.0000000000000014171504397657596328497005692474547327198584137011995094437063941027934070177421
194	396268863870147.79175062434535463070217989638693582646554188026141014555509941253	0.000000000000055901171038765938131085629740321348050828853062236381694019867904272138510528245	0.000000000017489826885255943990329767697673747704782303426561189907886155612064187061215922	0.0000000000000020752600496378355433604341268835619229874869285150339038464554583765678439237718
195	476861169771447.01758367806799469786114872013482280287450884776600445633304196919	0.000000000000081843908432503940902641654129267545650496796399062871682927959838476714541832749	0.000000000025606687618635658425037628550743727956703753990034182794367939232719412569476927	0.0000000000000030388001291749120495844410960482278816315754742873674702334158079980583347474655
196	573844164830239.46802539692582757972347261388030448448284875469122973934296312654	0.00000000000011981904584545912224526996021185701318790685014649163525034411379449371451561035	0.000000000037488262350478287422805477334519216861229850518318130418647265526127271792210232	0.0000000000000044494372406369176347148651937065716465400200745455979818530602642379618068171337
197	690551352016232.76351460576488986205405627772770803684077095753927756749326215747	0.00000000000017540407366319284162893157965830858404720313141749832331392042799729070120386666	0.000000000054879672883898700663211671089760784778147912432446155255638342779029247465143318	0.000000000000006514508668653459749666885772981655932743863852002196187735337280617211107041792
198	830994194935339.34284006927648002881278618709978460504918090001834476358936508053	0.00000000000025676042945446476525573701954037868030596233097202841797763961888380206064675973	0.000000000080334536323002630430918284311707601786236528211137868166135300886402968012496991	0.0000000000000095374476478503020080124091935884289319117213491115810960021144357825642460899001
199	1000000000000000.0	0.00000000000037582994757121047021715453722163086197429367102662660275543810062070746494659501	0.00000000011758932987370651724641879543983884834382393036726537441975700431630220816225975	0.00000000000001396229697694120753965846998886822580739143456081630077581174437342712635950043
