	m6	Whl2l3	Whl1l3	Whl1l2
0	0.1	1.5313170546364088213202714561854323309357527187980464815027202132237210212528681e-46	4.7959965429631529126269208152621300154903302713914170093327683019018224775609824e-44	5.8418190277770268922611052082194159908407191999593828352630342309881686566873754e-48
1	0.12033778407775895498239640770431763786298404250453128277430639102473632896813104	2.2175636549681731440305310390608154153970055360190845464608690264753679852997837e-46	6.9452602163489123899356846613828879679822462297850425370632904912851386871256994e-44	8.4596311959548522321251073596259692390060284611043437634798947371052022044864874e-48
2	0.1448118227674533666352114050535057466308525408301496112587129039799224385673547	3.2113399047575019382626932241920064903129855193378644259621729847789401921382746e-46	1.0057676039255385434504296199760395567167323012857804731500519971916545023689933e-43	1.2250521447585841229440754475491460075868819012612250304624138247248567320252756e-47
3	0.17426333860096501471714050368858326275344393605772895444378037149488747271744414	4.6504554418270476994599015214183601019851019609618776261558490140271645002626968e-46	1.4564849903528843148688771147282711428183385249415952347280320097686414092476917e-43	1.7740156296939527197555829581173898140070939580630920393533644255946835874579197e-47
4	0.20970464013232325233942615801676567577466555516317545286211947428272059349197792	6.7344706428180129184538184082840335147229679332237746105370747108336169150099412e-46	2.1091785273322326491618943703146223304739504273186082658092363765104586362838921e-43	2.5689751605344332518527046877833025813465246078322594219394730694496096261534769e-47
5	0.25235391704347660629848322524084291725319790219501911106406412803806382359604405	9.7523620929770785613567880789150628083172075846520274121891199448002293572549551e-46	3.0543529440492358471254345560510636960769389387145720323611686208834820810560836e-43	3.7201614878402904702109511249264082588799244153817130394798069224640710152332193e-47
6	0.30367711180354583332815008889520565909335908898849948054461381899839518069084088	1.412257845593292359321414583707785036303771050884813869874009003907285246894765e-45	4.4230626197915820931813650838684678134031144501616423756206570915440536984618997e-43	5.3871971124745529100111128836795490034922130603836066199614710461099332461829976e-47
7	0.365438307095725637910590077455332094869746999496986712366473307851666037465686	2.0451031767751720538870782769483076837394686911104521586014511982295069361641967e-45	6.4050742374173588750447871376723715856302850283114986635617837174496343648303352e-43	7.8012248903326917256193320334778489464576136283577673240335913327354476559996237e-47
8	0.43976036093027200008446483656661370205864648958772811970946895253599695009909159	2.9615046598487869621583770184626234875525606345958794293038035302566508995816544e-45	9.2751595693854859147096861355756583157119089351215237986499855449377025162959621e-43	1.129694807768281424986965010325650203820737253555362156691238822951466537662642e-46
9	0.52919787359584417116031727749057727682839012227009734171767126635992309031477458	4.2884869823746146456065558755190094843788073688600922113366588611109173992155786e-45	1.3431152653604145040643910948855577260650920415599565477404516008552653416766179e-42	1.6359018508354249376875562652253349005529727002505166022284698409952969432725202e-46
10	0.63682499447185872796468441391873268353005743782983482379558617019433473831843864	6.2099514114409102291001252888791282085893665026475232446454015860692748398090789e-45	1.94490253117392173039977929786456563671277235487633680357560617072511644917917e-42	2.3689192978569901566077817358598016056950899943752766163038241720474495847664229e-46
11	0.76634108680074575761131056658099408993427905435896941538096760624319727662166197	8.9921167565142874497382123181816520173938986988057634764335724270504603240791512e-45	2.8162571907411026796306617632999413859942887302885103795206373052662456679961971e-42	3.4303545393950218389136595661096395301143747588803693578032931993758169403217647e-46
12	0.92219788233343276088046174199209634776970977786144753232908689963924455547021632	1.3020314953864076450526823262895550312332238154062970262891889696775373809652298e-44	4.0778661788535148187109082048884431211639017379501275503067248916932758042124164e-42	4.9673165432935500434782274796790383277228002265955261727543418459000710672869193e-46
13	1.1097524964120719117458335244039879849180874182170492458366756414592850042927983	1.8852185207302126650005793114455716396910006187906464086792875018689884743180994e-44	5.9043862432041626317218808444987885613743371745400372427771688367765185607861322e-42	7.1927756193059611989271340722140373696793230366931107129147891314839361992391754e-46
14	1.3354515629298987911824550830594025799368375484502698251213117071107062257926061	2.7294529332323250252675439649684725624316103019324680937464552237890773709185662e-44	8.5485190643990635183091178744214923687126267309508322796730709086619465571686045e-42	1.0415017015288809716908745724644123659758031923121265174216166476887369922507145e-45
15	1.6070528182616388583821230778856563285866781166675335244162337528738288877671594	3.9514266172646631337780037661423295177896757801271195298063614545335045260519363e-44	1.2375770422328954761791887110191375535700665159780293001765077423825462053316769e-41	1.5080234696112237409378837997957794410015571089935930611244447853540948726921092e-45
16	1.9338917504552310017553456801290095608861427504689827649515231431945100593644192	5.7198450668993927122313133303782000404770807119616368058597667537623156481324695e-44	1.7914584677388166701652304051793480866442258692959369458877911920852424885282966e-41	2.1834097632999798741072076933466487021621447511107702465890323554731511909174973e-45
17	2.3272024789604089152381450436179930870990384663080580621179034794120270834684786	8.2784750623964889743409573103980335836300422469880562152367235024258825700346298e-44	2.5928562560101325010573146868092597012322773449036856305638684906050717985291267e-41	3.1610682068082639970848192810653133024200513198639459937865195483336802099034998e-45
18	2.8005038941836306539000596681205401651183406254758088841619264460435165186743223	1.1979284958790519173587567549491535191175822867182765122596026036555934077081156e-43	3.7520319358655264449072996804766887832166260359625317874859761194213410481595716e-41	4.5760824533575631469090819974270980834047145473939001562101832992702554535804095e-45
19	3.3700643292719285820065490690695714886795767071667989478605535437210254806143057	1.7329997969607930671954399969121044888054521791718429983710045388671646435556717e-43	5.4280541316682765685661884488085234865437595096382966849848640420712428375771996e-41	6.6237163882987988800539444480619302741009184245586278601512437825322580162774763e-45
20	4.0554607358408289943256622736783096430075004279658217594605164359854666914505831	2.5062154371414487623809821031499956663124674546118768893568509419655024130853383e-43	7.8501379944984712237400343169662874517318909959019906181646390354873470513347625e-41	9.586052803501385659447391768672261539663275828925228153185998360911991329193423e-45
21	4.8802515836544312669122200391442379890428657820471387533537073159724900602652139	3.6228239588648476903756920869268618884041386909334644052530887710002485423643898e-43	1.1348106690547360476492347500960969626659561318530073117260435446571499064154462e-40	1.3870272778434270043705235643138758586903498752218429796047195553729637783221982e-44
22	5.8727866131894814363668277928642036985132879581648804276981806229943891964182356	5.2339835810686019967878042339185349667411270322382561768884120125999040283144224e-43	1.6395733860453401971112300129713572204733448748959686920076343222662004165933243e-40	2.0063538190421677386026585395200859455604244974821122430294358933881064903679736e-44
23	7.0671812739274911803774222000854394382988279951030877786554911040322949206772212	7.556346933296495482919595635732874333543659843239419028655596557007347839866364e-43	2.367221066771923839736445481605434375178941029751246497499222308504845826669072e-40	2.9011463180478425965292406922693313429618952883681131341824634688129959580959675e-44
24	8.5044893418026789585792595332265060349520160775433999597705506770109276223718619	1.0899745977151195686324073788179504790289088121118026365140673853030775552947604e-42	3.4149069110161583022811599693487335428820070802688340769410166938489887385606223e-40	4.1929955048674013804396154773788603617406951235511157358407328336827140283955878e-44
25	10.23411402105453155016360449552893210039126661620459093981129840811937568776605	1.5706271463927354537951777870156618632343503908382564794495770595668709477106952e-42	4.9212921233164456235618638704019386438132076909941033114926305189939967067168579e-40	6.0564055150548410133228771983669070138284092038895642626217933271537510615280599e-44
26	12.315506032928256813526642030654711701680163118824776034772864668256847817984101	2.2605513034993044016428633866396434734538855474309839145961097819298510037883826e-42	7.0838983624800028369444219900654962828506801967502159725113813145224133646355679e-40	8.7412743202750853077965785227938906797242667229210184520542545729978102255980817e-44
27	14.820207057988583351225970196030241113564075644800887616763864594644940095788776	3.2493109924000607147650096608422738391967416077317489757605713362747336324237867e-42	1.018377952871958549439848485428088774820812162523985240860609048989277649662001e-39	1.2604620156036922373160474522760819025615539748896286082522320923118773886110833e-43
28	17.83430876931909431237754697175629031657735068701632714203173111331110021339945	4.6643815509211988478430585399101751291028165688322715052818797559178933667185995e-42	1.4621014747390365537097644002861043951211116635679889170679475546255761256342401e-39	1.815531100528750097568608522257298933109927774127974474499014387522370008513362e-43
29	21.46141197858404211174158708763578184666977778825814129515511043333600717774548	6.6877294309681423294062025860219374780532106777234746411925324610701263338022671e-42	2.0966705134864280917546804526128825288313611655060373415799787532110305498751601e-39	2.6117281948938422767983670942121563493362649124560602595353498834934420717642204e-43
30	25.826187606826760533910425184934556248424244487355748446346451276799214066947737	9.5806657391759840608576638772615293874666375708645428503553505181446646666133072e-42	3.0040830048506692351830274999081448701819677540749053529160758386410076624280807e-39	3.7519604184413483792665267713357644248889859700411296951455956184050013968866839e-43
31	31.078661877820129940356035092225485462439949183646919735438922764746593943154322	1.3721756676388571464216693444035037823442536630500570365999992885368297688214084e-41	4.3030918940940841184719460736402017590791233551300910955115930393961774160847232e-39	5.3826809626575056429813785389584465541218472089643841229270510359544981876596018e-43
32	37.399373024787974574850323233584365926405250684796432517183892638572860765527397	1.9664540825874340214680336217971935906818355741256698663959699933567044039873688e-41	6.1672852278592315779722238388290420417912500953044813804999611682776385539875271e-39	7.7131816877886764533919428709636535735399152844187777065588096259391800199652914e-43
33	45.005576757004980935901687142776790393497138246664066983677218371641825242218111	2.8221187511221860491487648235241240293019794400180686104581858923649544676294386e-41	8.8514004821286714515414252099005496699968562015555799431049590820662346321542283e-39	1.1044912429772283387025050979224242736412887662229867124295854179581967145375031e-42
34	54.15871378079472499793391495731333666331786192735256358981419986633672209735435	4.0563656105659981068479466613482849802339990388406640864440489457639708427892075e-41	1.2723613292979241788539913319408376168991167400175374807421546866265292190587756e-38	1.5816958335739803868804433769359067829620298028158941545738593450830449234763273e-42
35	65.173396048824239519260808731035957182254082266589478664497258921976317408798501	5.8263475044294932478647024662175439386499402756692782778971924941514574537262753e-41	1.828038627930837374247640455206675278209165936907424573938910787791024476429107e-38	2.2676571830406745438612980082019579286312882760048818319727702942741484917173287e-42
36	78.428220613376799586434869918596042865966153375708710944643299391367042247279941	8.291229839520741660512745240304229698959726307754567659497527330487338245548267e-41	2.6035956785965660986528135611718774377814771538156051114076545757201767250355983e-38	3.2583735332599527120755795563087136092273987096440800378686819972998005249767199e-42
37	94.378782777753812952687092432639993987387124522842363497834665338955220802210251	1.1389171009402812444271691884970551131555935206308740825318005419538657137016437e-40	3.5851211604146811600422953364002872789365558976033816203712669787260923070812248e-38	4.694366354222360036314236181057399432742943508202236726090366654519168320495725e-42
38	113.57333583431053869585589677831132668759997702118426285243789204048313108349598	1.3837223535791902032229327658787144203973388193229577507221735929615937702226112e-40	4.3885116314481269543195954666412358488462954682151214870387395287793051747084046e-38	6.7687009501460065785908307922026474530975934791140305996996186498279152522246394e-42
39	136.67163564620065302846290536423727139983597565016555792033720300407065763123814	2.1341434900349307146401224044329952465467435893383070090300968435184315650088911e-42	6.6492697164232819031001170491213380828402572260756795437953062126561288712303406e-40	9.6988589602864487146715978526199037194841461091542148101806398014053534875086117e-42
40	164.46761779946638168381515705245122156804998062220489823343007393340001666065936	2.008196927524152987198405227730459857732914727378507043882573527516337864953678e-41	7.6569860482822609044828146458463990256594452368306492316119546146173748290238736e-39	1.3482658390776002292227605431394082826229960648042907653846120262129284975690012e-41
41	197.91668678535570842859189173084641070279321813100149823251638528221847325013942	3.0267542397207532985995910438718026198924132314541344353307046723357239201350416e-41	1.1305106618865819909992585645609205702295922335670674524058166415094280942018175e-38	1.7053678080806416505090181339004291181585296818475241042159398569302111386905718e-41
42	238.16855519761584342054395019268312209717976622749712416377265337681451147538909	4.7160270485508699959865420984959844001006044560456051751885678803195378807869962e-41	1.6738334168463792778033920918037994697449144780566472620817579297360718778741138e-38	1.5074586607597208281099052795571086772498287388318045435395473281845615061190482e-41
43	286.60676169482510642353043373268433358028671833686513840880378251458613320540328	1.1360193877544707589915319341811483062164387111290060058320867954046827524431008e-40	2.5431926336039917926628035602647893795566193490971628076468210542706715778022387e-38	5.1315654761805946615603022292361046278797446765797235551424854458013839169583905e-41
44	344.89622604057579854850138453146101025115653415848868513726932312003657397644847	1.6091439011700376861824017879493734725003224830596418599157232157084965201685748e-40	4.3053696879253252155165139053104041594458628189329185718811474522633051077323708e-38	9.6054361215529382566218650829015887793014441660326532953342680216170149101691127e-42
45	415.04047578504755795644622281332078122703376351019936507707695771089549929623361	7.4467596103489859088512586183343381860013052261787147189827591837473321322773632e-40	2.4193811978894000049277945220689848993407407871241331130868072276635150457877255e-37	5.879036326388270961694989994693319266291502795824887854831044367664314876717721e-41
46	499.45051158551397131532206378594457120215560537691323128715221645291391884799373	8.2841037553501170904144016819905580075950851627936407136244110681463591915463936e-40	2.6048232059176264161629153695358334301382065537721153251729971624600314937129152e-37	3.2177784879111110238534689182188148965049089157842235702758845834021951892624618e-41
47	601.02767820703827655438258771865271116255556070347630048245636427195474875640516	1.1941885307470976120475389649370677302913185093080811330787888879718643353945264e-39	3.7545903982730748608291632694043297031370416361906652590454206106955771520943968e-37	4.6229949436334542308553436602496748444491262228588360028159172393258901418907878e-41
48	723.26338964835363576608879918540796467262366446922730184887799040493517707807932	1.7231126672626375793348647370002971690112884087929051182005159812543724273910186e-39	5.4172085896657264870957477053197198955973426837470943055218568808511397504880647e-37	6.6565474256086767947335236584421372626216039671243089431839172273626077966699849e-41
49	870.35913614851621132516030795051820692322978884484362381361574721968272522367051	7.8945674359524902913124940785030858022066055426766131170212591078723905703988419e-40	1.9871679052805994691650936191861675982804319914482392274754567655257680893199131e-37	9.6090874095948253375584046436018630699499616557211279951621536745458637560087861e-41
50	1047.3708979594495264523539291314579735302557043121271899710190930876003833615054	1.1360870075847049368027949039498525059480623813186708811782972059929467920306971e-39	2.8546553993585532529608668071656909526299500898606833106058967070975657739090201e-37	1.3864102373615150226691129974409679114781354954052495221477678875742505285329276e-40
51	1260.3829296797274437742659069751171289268986941236754472905856151514861601547186	1.6379862443952038798956555888616938635062235525383362865350842322634155857727048e-39	4.1105378602476023454329386087883748130995222918120292337553845905536743655109773e-37	2.0017715747755513830303950199156723616348587900900495787790864069408955152387587e-40
52	1516.7168884709228979732657895432429681773820065298391223829320540220280696397663	2.3652983137924054426221704324500538697562056151112433367181107343534238359203781e-39	5.9306965033954749906685549716186929581540022833967639847771648311996372270435009e-37	2.8922497530886181898914828563287332298953827906955436435055335578909659327299515e-40
53	1825.1834943190433022861174305599893386061470472115695358877176984942227932697871	2.1117441426582108162579405961428315979766006345272488461526172819892836640648258e-39	8.571305326905282559891132823912276650141465909515462740458935604983295229838842e-37	1.6689367857231411441884306874611718131575830165369650897320692083854195304076202e-39
54	2196.385372416546211665209632440792754215941724297841165406845489411869825386872	3.054062858035478611490897024565703154641839778769550847746633609119107310053164e-39	1.2398377157206572590080520878682704156828310966067932576172671111404909104981515e-36	2.4161839509683181642117519106255481685293985465666063612521710579560895918699567e-39
55	2643.0814869741052734311846257145367348151936097257109267377959381423337384313201	2.024416060501388208781709468115694097886751470441949121983692001547812641059984e-43	9.3941566345543829789310681382892009703452226054115594452122482960641874956693409e-41	3.4199096354501667366992280582983428350435860182897036474330097492393674895523795e-43
56	3180.6256927941194834784764357439690697423351834485028409314362054617989336870164	8.7766086981895295490707816411274411139419290202609016378268592842563347124826914e-44	1.4162462822526366712498426572348538736665663640304021427536729292024832546902826e-41	1.3509662313498203118131717749737709264871812896874968066920018125404853495525412e-43
57	3827.4944785163123693485578921295378454745580610245065948866623585962682831500746	1.0240691168595887756731652934418281928564153847049970527782548474296176503774708e-42	2.8080577392901999320602120894318403955484226935213449660384985856085277785253226e-40	1.7964826634515204152621101943269127181104657599834507663271764258675735526697218e-44
58	4605.9220411451060922951572831492098094888369633732035415910989343215578787409171	2.7641852757846461466641532126912912333470604128022753433537330680102368306026769e-42	8.2086559114913810307506051982472439094408487531795208396511272562116736159147831e-40	1.0295791395842653767646303317751182513473826404972832684016711605408280908219347e-44
59	5542.6645206631057424152838072862586233306121165543188189153249679714456006496402	4.936830534403915101123529510101814389163628609720339884689686292467747232436661e-42	1.5171037371575624587908278313564217868390267635932037606343112042923521521420523e-39	1.0580775034109217731957572156256625021790717194023971549719138611797842193060707e-43
60	6669.9196630301215654469826423112604032046326862401624698648343296253258737552416	7.1479910643577641157022360542757817586937941632549568162841667654391309665056093e-42	2.240822006758775007939796393913129299045986704295112282429803066711730450059164e-39	2.7665249553261147559752289579588563614904645609806372189660235966710227626636983e-43
61	8026.4335222571753725026070072138584836044855894942238811299302969703503633499231	9.0667857451605120445018508067876137650160578948326222969198894606001331173310747e-42	2.8808597133276106431071160320813835402009029203316786815618866437933133325414275e-39	4.8355810172137081393387615059610395240536326516964913820283699931001893437953739e-43
62	9658.8322411587024535273139637431314193647665289570909791448372750689736635595424	1.0475559116778994050308135438416125731766813290353603431752517433037526836164047e-41	3.3615142989576793293908297016702503471622098558134726042444627808909651480014544e-39	6.8711172552151195468593072740350562164214996495763456069780398822135891885319781e-43
63	11623.224686798525469956184929855750402124377773712872400299643051860238816157397	1.1281088221006320409248074989838244842551728968449828545510101310982620490628997e-41	3.6476791799895799019865068373895838687282734979524076738313220181479304729464618e-39	8.5633728411711079461650111945952342992168951624417391935960778831227226461800897e-43
64	13987.131026472384146931309990902017193645055395752784080855721251644901122579159	1.1496342372245375267227348190674207344326788311885064672531572283011952425223983e-41	3.7398716643029619034984226290260293595649973505165375855128569595063613286365021e-39	9.7281781295015127464941423775100829848262043689126479747534439150312242935237315e-43
65	16831.803533309567372587904201698450406695991576039456687760894037740847635256047	1.1207150161088053079543024093177045721840676945755905501252308549448550573930907e-41	3.663751208423588161799392973579629131046997430815204603841964741187407857205781e-39	1.0306629079614960065531531271682518249381565537934820425444076173111974775359565e-42
66	20255.019392306669768350901802298041730611814315685263709762287137003723867343016	1.0536682213349245740171183211875912179261492217007303919173122012524621701018904e-41	3.4584714800934989634130336578033349345574588522648189640683986373602018857402253e-39	1.0337888506922371040021308892119355351340755519646314302105237356119946252008095e-42
67	24374.441501222204294370814346839041143265776127419151178906318298982759108313759	9.6160424223423903227029225191459193024327754125110088215908550494074799669638946e-42	3.1667772190387878238981091213350345895983438143428305569752842456043936277750901e-39	9.921750702611313710731821684141634668545895793931539676525502821463420687614047e-43
68	29331.662783900444557944595708783288973839950089332174163225127373780143610446608	8.5643680761931326128043486235359407807346589038771750415827540902684250428337785e-42	2.8281346551774758792952624430006298071314615068812621816784598155754066896072149e-39	9.1834640129240501306069250246135131594319148470613063640579650489143813282311021e-43
69	35297.073027306498206900590022298761095892445340138520376135173616869103143368693	7.4782729922529672405842074427988627598406160121575842480487834960101537176100647e-42	2.4749540931140444576860347098827834871823976136904387691877096932458178420594529e-39	8.2473425966274211400342360655433015345801804156067441763616110805835176086940824e-43
70	42475.715525368989955590749940502767826227390184838152089238015671444933614072483	6.4285995455824657900269300013674416374007357781852884908104537140526563293367024e-42	2.1312890300110265377406716662263460865581559569880193341442006815973895522531585e-39	7.220718594996013918588665815941488098088683868623357816918216611161207486704368e-43
71	51114.334834401672849562927285144868004831662301582758052945868315586737673504841	5.4619338195430780407907706687322877530123512672381083442191307641513248283889884e-42	1.8131849817508862283864047658674742915335633577974997675965802019579025990072078e-39	6.1867967389451120950827701735199464544584763857304748081840063106854462702926267e-43
72	61509.857885805015379527442581915530912483673298345232434974733593143654488294799	4.6046267906575490614488072960616494231527912826106452249438608178130349593270693e-42	1.5299231282994306243773192072380664900674750700648799039093533946218408048396788e-39	5.2037982905514793423036696701206261106049938923962375436523053848111925025512744e-43
73	74019.599969156428771741642767788616375021252184135134963034030346861010408181045	3.8676750940440274245220111966180372695936200141614045624938898568037986927513516e-42	1.2855968019190057235431194585498455709967733102992446003986986721547828926152877e-39	4.3077857236075143957844481064982998199377375042081343338526179189413964033423971e-43
74	89073.546386104397295618563842713398270107535323487586212324623524210761788974648	3.2514447225034723443190463281073655749804207760520409281901932581250734772914782e-42	1.0806667471392145289821611218951488345345863071556126408289684174653290839590916e-39	3.5171203792894506708829583071329509279532780217447509303661667859556378494844259e-43
75	107189.13192051277446769820941795247619181970454435459652504455469269361125568338	2.7497279430891885717310832686766399100405661552957126285947912572526505402409514e-42	9.1331220136994966892757511425212063629076902963385112900498707807544987411848969e-40	2.8371956877569808663793108162817079129974497464958618942511783550768431143488771e-43
76	128989.02612533086306743884732026405787756673554036982082065437483440141691766408	2.3529723759974630035322346107524137079471044855019231223363430211452232858011588e-42	7.805144876611880998687500012191368279183426472782042791993354872179459639579463e-40	2.264687359997105737544335715563448135320784477636256916385489448380878514238653e-43
77	155222.53574270474204045790156879609000924253234235911147730756662340381687798991	2.0507308299037089968987926919780104457119524022670502106700413899737728598108369e-42	6.7888288875669012337004014675481814718671154657696008923258058410986081490415122e-40	1.7909939203597099861139334192170399524556761798522906914815596952453339769890579e-43
78	186791.35990207824992510737600373061886413435280654619598671823402072663406284554	1.8334895368145601411138618034126706915025067131290572316002207989051155121841061e-42	6.0527130325625428618484270992481716511858641742989168887794813705395945617278638e-40	1.4048105322761991474573393088342144117491997652716817803776903838579531271707968e-43
79	224780.58335487254536311895688676640241513090640486034657813462579534881994580054	1.6940794405850358354531571895584329611433706602035639088783846544513818039949897e-42	5.5725133069677325583255420204846735968004171222885609677782972982447882873734073e-40	1.0939227384807959745325924210224877108140459083349277720632236503262171860146533e-43
80	270495.9730463135097344554814040641207101514688640508989221496246424817555540015	1.6288914002304717169830403975649747668078157679543158527678471839039870803093028e-42	5.3351350780351221768003229391802475413987704361697177671626297859020668916958548e-40	8.463659316889914140299101488434055155395911048336254586132728575297368345363395e-44
81	325508.85998350581321734605371020682219832131513656453463594114709321508669337571	1.6391244452885257540748004955435411629978678892686787259408613781864688140569145e-42	5.3427118414902002125331920217683312778964952572732476118839801951052724982067796e-40	6.5110562920931296646381199463752435634244314646114275973680562401592849406195796e-44
82	391710.14908092594903521938477055292492950995642453323509653282337067755760441152	1.7323129448790507242105310653467473171671616267988321479333008141725468014029227e-42	5.6174653215427679291931902024119652410517547503885918565710698711695995420343613e-40	4.9837747763820196297822122523389071636265880055580576591246998019915373752760032e-44
83	471375.31341167237223526745183992027453917044001944054994919990781476204844099733	1.9244164003064728274382917540873976459947311215040342505885507407574061615233191e-42	6.2082966998963551152591087450352188001521796087883180508671271664494549256794566e-40	3.7979985239302880356296093039595791866367851564003827777939868827654237933489344e-44
84	567242.6068491978478420644143357956517415913824915974007594949138983593524933999	2.242826379744501680940268704746260291982001343203276240700581386953055032066367e-42	7.2002369835956335832806644777352347281764376128961549098409309597867241603985027e-40	2.8834467119580924863687674270502937031085889448134122568847921854418485955164923e-44
85	682607.18342723883516967173259162096170238067822892234555770319637528202973218075	2.7307626350993320521678239720699225432641816320575763225241218713277805423789603e-42	8.728250045712826930636453124720824226881469534146360168335504913647868307882228e-40	2.1822785635305479041490116034267265768297215020579319761023187089876459679799448e-44
86	821434.35849194267909838632110569986570233783374416321227913699824023380374140551	3.4537131551137133382769849697143984102312896439046634461186174419331694297323105e-42	1.0997453032441383311002206110073602067253670100014555972795897006798564053065971e-39	1.6476131080374523485184990918323724559967019150365673909746760725335240227816283e-44
87	988495.90466255841160691570959805668453553699504792896932677590014810353003290541	4.5088472431389896952253927711835448016812808704144778939637094360952903784036641e-42	1.4312678710443267692168924174408961133923637445665211719262360077327780778881544e-39	1.2419341581637442159957996859839967588873090742975545265482230529341654913945924e-44
88	1189534.0673703195557427520638919992846733394355958903593992873531650975232520875	6.0387351506902757410940641803169707422255971880126073937208833752083405376276702e-42	1.9121573813722760832887815487678720991655625642180840244318230922672090942008422e-39	9.3554335542951719080313404886069326699796939142584781867280658100479704565133204e-45
89	1431458.9375234788870462283135699839730808490035542254834351541512872187312244929	8.2512985208197039750264684201220069205281966650809557255813738589503425869948786e-42	2.6077282974309350102442245736202909248893850922413304279863517410950134098210753e-39	7.0515018173131931154039044521246558373600358047649355128776326174318535749206688e-45
90	1722585.965398786483199666075101727778934180219497187220718330044804865252544552	1.1448774719258955036144212889936317882754928650994654615109580374137496243330414e-41	3.6129466445482502250793962966468127142150280277223621590863352879797971842302952e-39	5.3263912154590797742009847049558420256531313912419729414879685066876683549524405e-45
91	2072921.7795953712621415313919030594405849599942946413978997642125071021018220467	1.6069723973674523372804591438052363435205728025009500357294493384016470193223318e-41	5.0656315240603143883661950274323470506031731531488106130491779887176455250025892e-39	4.0402373777215650355555840450161339461349671333040326530431338166063910308548689e-45
92	2494508.135230316256849805043803690099310604064651873632742866201022093869390759	2.274991366136425976606601198548538955834572729640571242172749856735132820561702e-41	7.1655901855624350317388935003530294944098374574288388129556827108871410759918126e-39	3.0857974172919415250998585821500103082257216240307447854975932025479422015684957e-45
93	3001835.8135755893375907613206465405852222826937600873048774090252169914961425951	3.2410529237760417186788628528424818901104150216253523789157849059681345973370141e-41	1.0202342472049266704232114499666249894394464789540159549545460282598109821315009e-38	2.3814000118726408475312246734084919837006511303942765715072309893496115945137988e-45
94	3612342.6997094315327206966279895531927558821268046940075270859543623068665154613	4.6385948626579478779451945608095817738975219201250930247757654327890694216244624e-41	1.4595280928081379422761758812680441109900282565944337469189144898356126045422535e-38	1.8653081270670012462835001603177303688540373992671608859475304017945046364486707e-45
95	4347013.1581250242791502611465897550947841929882100091504410699766649341489373851	6.6608801383394314382950555725269942435228655653245516713763765105710832272921662e-41	2.0951836855077924996139945526827437097511577517559830740574813277900057653662598e-38	1.4912857660724747816568019191516645175383160061647675212586767592520381961368803e-45
96	5231099.3080562621716966842935866334870960876811545905578092415191395382554885781	9.5877975903488368460620009404786640941813318434330849865078843982358751999629356e-41	3.0151719143174208558418068417436848179241544633019498112121243611487900574869102e-38	1.2251789420882910893701715884166838529275571564385223949288826092267029551976335e-45
97	6294988.9902218875266859839623773708119657792222159464463189896495196628171850758	1.38246738390523862152726271594835605404537525592951117237595082463494599029133e-40	4.3468907978946575694180898328754387701948936795455787809354171473477721840055801e-38	1.0423526864554911190255334021750986711005783508411345808897647033583849336475236e-45
98	7575250.2587719137876397694640499358957448049972090101504616644620207101807552868	1.9958478058064277857558456459658330257349482901083873331901525027235158426771784e-40	6.2748320842261654378263116186435572055745379443299055759150548084946984397288324e-38	9.2586729534308944052748053452208699453575720620916915113642856808228651728776348e-46
99	9115888.2997508221049584842995841425933191194586404532948892713513687863194384561	2.8839212798451102073776064545772909352394341144996115198302713104764275972180062e-40	9.0661649554053569404230352592780038266365035247031587135145482014234970418972709e-38	8.6533018057579215098366107849442580012449531893223492600610598915905710032048875e-46
100	10969857.978923836322137977188414253392918263133152357128650640552465728342619939	4.1697775960933219824715605732717636880056118495132201011491070736207889784462847e-40	1.3107784586975316949982744995575711830623514231764811762071829241914638594659139e-37	8.5643349105509430893818684260670497640293520892619056100799304478092891651933514e-46
101	13200884.008314178605312149466943008660977062749781217794468515781738309336998272	6.0316635427408114727605395972640695249228410888225317433169566854329401999083696e-40	1.8959963176366579672806822882384001375134404648887052927912619635667561921444796e-37	9.0130273035710701185057162148556269116085418114675345536672857826414646954083588e-46
102	15885651.294280527744738135551361771340499425620177113950766983640756227492701382	8.7276979663608569017410763167460151407886288062106630828929638574726729898225812e-40	2.7434043403618414632964270088848003020470902394209521560317697280314449787914295e-37	1.0099812140745749340104986246334225355890349490831815006110886532285016712080223e-45
103	19116440.753857022270103116780859446718117889570085730318155175278430933434495192	1.2631660964480121760994851426812043573284374752915714600721822318466216457005245e-39	3.9704948441020676258481450414494230481650282118053234531764685827630914478006167e-37	1.2037486365690878374337019147826465312365542492927616941485303712704830538048088e-45
104	23004301.197729179688256747668613197325164026056554417478428293150499985373375537	1.8284818918590122300429191171463052889811350150026325477149478546384067001913535e-39	5.7474111049497463682086955705599672335866775479970634725458942327322771735050978e-37	1.5217033241217920262534371130960476448644363108765349442852407802292689267921094e-45
105	27682866.303920657370583388837222470664923066365051490129703250307412656621206134	2.6470969985555746695656768319581891538656465755725713483632643373525201625843395e-39	8.3205416790536559238412954463355304665056752066948208214951740630021602155333469e-37	2.0335081441516394798953496578097628719722011435881689397136683709188018915270013e-45
106	33312947.879346731745095366279411983389729257144324436694432332459641740003257645	3.8325113391725626399147634389974967074207787896997656196004705854876000278116893e-39	1.2046688310799281652919054653794779071406073756458106868843246369741277494334754e-36	2.8642019223497616388196039214859930200872003962188864590677742312091255773819609e-45
107	40088063.288984650803282696372613687505074960684480327474071292760362282372517651	5.5490806518374101938157378375465072404687699064788055325482238793735397463003532e-39	1.7442546235279614540769710265872402047439729205555631250994178289581993275456225e-36	4.243163287927233282401257082842314901558048129479112228238515931467802056663731e-45
108	48241087.041653703963004751424655453481573051272062948116990048071534154302793664	8.0348022327493484755057011644518626120061107848592289550934738116011026590323919e-39	2.5256359879569245093297075633894646560940775765392834115561438359246508381595427e-36	6.6021315092953772405831809829356914787653947960661980415910674726516676590919714e-45
109	58052255.160948989458738268317746909879164780783711790206660297322124266958049487	1.1634309172379724428358459051244017842986281533372519963260113358875658953399951e-38	3.6571693771604164140858924707747729607621569704573253412665069466021792394622299e-36	1.0773852147631936317914201902021908725269000095234180404245854965541414839455076e-44
110	69858797.467852474241907446422743060939899031564670228624071699831423268504612149	1.6846646617437618035043510974469628669707173892280562510151922174863187298685583e-38	5.2957715543707455646992458104466206118132381419758319408249275755182265421479787e-36	1.8398520913677061851249026540819814234660948436877009180538812762839751186565867e-44
111	84066528.856183250766153107379360450713443386299073207326934949074232575406829192	2.4394452890873237781463921303318231257704133787881080450277265954594927751318981e-38	7.6686845445571273002146717142894960738081189046638293886583179623841266374621749e-36	3.2761362967762435806443738359703265232281620418151053729670122818464664900974199e-44
112	101163797.97662072527969449115127832523341928784729483469823348668466880424919675	3.5324136474024167797131543484972088899094112570369605415839038146888766864015008e-38	1.1104998465758972164444043320063511372332238884923659891234200258822225190496631e-35	6.0527646040750170200570498429402799770136173991382615442275785700208225137542808e-44
113	121738272.77396613101343511036580361241954190147329664490844157206994838693040742	5.1150939809720756327709228477669843970562503433158996847441434505307987530772339e-38	1.6081309987895794914933788515331774662429127567469203982242768921861890274656912e-35	1.1535000186724445597633155804406508750635077782340537242726833702700593177728431e-43
114	146497139.83072857969475982041520573191651365420033408573360233009054266468504613	7.4069012236567180063445988874681331695556866288857160393218354063831735944480244e-38	2.3287861475643683480910276446196710677202155939034287105581621029497448982899211e-35	2.2538810056968003818231289161537211820190794383362588631803131172748150467858769e-43
115	176291411.80959476887082248524638844963252801050159525603621082508989006249195581	1.0725564923026909344988751588768039658639688956601207886276022509225234532772946e-37	3.372436087284912390042109462838034016899686541662687339720221706990354830256143e-35	4.4901249801250233855221167720500142029990151390605477883306046611811119075858024e-43
116	212145178.49106300378592346194058417410369446624594297913701480030014342852786608	1.5531196494907342365799920375387839151699893953231076514517538684884516579365534e-37	4.8838829569667323990780000116896764890727891005514133776109733129275425323907494e-35	9.0764181016629436484396032539074536698949940201663027733811557952037482292095723e-43
117	255290806.82395173064000658587441255030432644172474443950280737476482554447716608	2.2490130982942799608820387213753784279328253050032497779070905751278138063911557e-37	7.072885796395584341942641808244170422019385696665428436735525795819446825439652e-35	1.8544668972236760313799709750222516422581509422964276724458055492289074015166654e-42
118	307211299.88617575743426614554376251028671995718864713649313012534170903954172376	3.2567445909876519136323152840822368945656024372345960829617713704367392283389857e-37	1.0243344049086298605034045135959462883958756604041941419212462502303336700359042e-34	3.8183704161019523817957695289610267168220749598579270037896225980190939782007713e-42
119	369691270.71950272522093736993557024879850546286528922438266839065346625596241223	4.7161103011771002880437012942259774275033789019420587448582045909162865757526439e-37	1.4835641198832589292000951830757970684248089837891673023940612063025436266226663e-34	7.9054457005339897436367902611529260225782218209980252806000413163930476810709271e-42
120	444878283.11275850412311249128648119917924069776753203658497289221777437481626468	6.8296579023549596970352647889532826931572288790653255233565575381007208483525986e-37	2.1488136351224244378293645827159913631219138242685595128992474998760698843811356e-34	1.6430880080672070171916335934006558007614105445111947978125009792871103464641795e-41
121	535356667.74107250902541012914990723021421667216228938814439310436795074826583624	9.8909566806541881983203291776859116557806542434240093175731280620983681038100712e-37	3.1126574146904058452595133164713739865052473573591289660138106860903547555411901e-34	3.4243441441257147258452510609525097196174662915668969743917353968880629329997121e-41
122	644236350.87213726545841663002408673783886936332017889728219817782044472650928117	1.4325725400759431870048667945088137986511752761079755951903203949176471473564899e-36	4.5094321879768333680776486110503510430899528436265433887864216852826368440560529e-34	7.1502116091759226694874838963713112317867533038455715245693285169672230258735659e-41
123	775259748.86294611274575459721639263171082471383093405585739583989784278620324186	2.0751805931208874885686766453268181976620961567260910830523424660119529118126761e-36	6.5342564279942216458468153965195229715327498310600204348700145530281300795012681e-34	1.4949758458622330073089147074347900528624917853538571620392880145946322407728593e-40
124	932930402.62846842830736035043018914839693433431324433726806741770893819976413213	3.0066915823880677364887383691671330372194211284979735293766748611853040398454254e-36	9.4709075361168378538152039684512182196901759913329448570301211248133899178147378e-34	3.1285829816841061043332618605252177732764628149066139981777791492484103365546222e-40
125	1122667773.5108135915616664724778681752139261089338573278565726186004555145855095	4.3577675454660585608198857094421762608914497724864499557762412762246506572441179e-36	1.3732893309853815730440964533399622668898986711701162430111681973647879789820613e-33	6.551445395580570293047080038576646285270955280265442812302588010024400523551147e-40
126	1350993521.1980268050622660295632981898709486916810822175116261241650314466532864	6.3190643520096169087402105010319028379829741997293804775526574626778803383946708e-36	1.9924400534240084657721746793692793755162837527758711485203311155311216113355914e-33	1.3725165214603832122091155572120907303286974298439489528106342307632181826058799e-39
127	1625755666.4437941529013964929847793763010541301521815156296060564226363105272038	9.1697913405773668204778566939266129655310684825938651473597930097732429410652488e-36	2.8931643309916462903610787801404159006215931656364475457831171716398857098658214e-33	2.8762733263639825047636120888132201511439346434765175317836410100889993588548053e-39
128	1956398343.5170641059169008411141078629673078133739353727492308879326199385185978	1.3320976445845494021548480113679891239788745273643490934688179480921110220371424e-35	4.20616213147793034609943689107336461470586725123841763608219212873519208284476e-33	6.0288442435147524491818639248985707832408065178490151769712221545979181100129196e-39
129	2354286414.3224175141315942610429263255963894715502954221564899692433944929968387	1.9382170735102325599539515665787964783165834556151678386076124867941057677009568e-35	6.1256637281970359748233100681127851608127442788449579503582650397387661348730337e-33	1.2638661907005070699905211086475400136858271035183358588930352111299415270802288e-38
130	2833096101.839324364803490585485980226138624815411594413372272307230882092854861	2.8266630634337370724717614962642464994240332442440551836336602461178796593464054e-35	8.9433420671752519006878613683240568307188538434688981447777960992355339334387028e-33	2.6497917363724171487877418136929063782410860145702217436789016279912934362006879e-38
131	3409285069.7468121036138642432413716853438582044706641118079260863810811790946677	4.136179657831225691923803223062249326909006299354351765201317715856204171007219e-35	1.3103393814067047531090602471967011212625402329066127769030460271426176844888735e-32	5.5558756179557337047277019627388893505630043601427484159483979472718726811524793e-38
132	4102658105.827192538738693740792895666070612547006345535730131257912612123771478	6.0814526706455922218545071588972276014652110896082598440605408430932132460555153e-35	1.9294826933177966312139732785457574313150396516736672420837619869455893846915095e-32	1.1649682728042340778799326258368417040595775971354933534699346304691972603600986e-37
133	4937047852.8390024401232894159424695101827789829165507446848945400148363399592537	9.002506865296378905774439096306501742235749479986718704665083422299329622455742e-35	2.8611367333426575772093803263174857397251542427217660241569701034182496278336225e-32	2.4428120539942330923024252461791070628910516267520885193086259943591412027357636e-37
134	5941133984.9650334414987417054595629673535402444385515901448330633309390277096371	1.3453291094561397550755327929738599133696662151206132885030050706479199548717931e-34	4.2838098900902824266758310241811331392301868136904944812369233024211614274749579e-32	5.1224288831499739003596018138420326319925344188050669325586402781684335531492415e-37
135	7149428986.5975781191713362712903318451377933422217923809134687869774863287239614	2.0365863835350430960785099551939896479249273844764175582977096033378215311061672e-34	6.4982051291160115141246381971531141473702827331443145580024080150187094434099186e-32	1.0741592593143384468434894354614169283340002990913892016347237544725687568433807e-36
136	8603464416.6845037734664757025653264519160224961884051742031033554356134636174403	3.1363697054300263261127350607496861958141331672169740646517771337186620230890401e-34	1.0028276356969201193591958418911574274144568545494459805813154299677461244346422e-31	2.2525070021310254988367196496829463222454634315583316683692803851695486964364555e-36
137	10353218432.956622135082133825331397001869248421077334286381830421722648938130162	4.9374235085944439647659227748150009082080428521482388317358494545199431335970438e-34	1.5818362977502982509532502164087195625845020013898847235147556188551506057290201e-31	4.7235323332211443210299959560207279897684564283989339701960024617527543822592963e-36
138	12458833642.950079219123233038437671345158475887490417559636867960389018073741712	7.9849849561767449366526186105640015919614674203278675260768571164586466712826742e-34	2.5625180132137294425154479693828584786203217342834802953056702669439816579052899e-31	9.9053515398746097757721536450443504970340268815094410432981267520288237373596291e-36
139	14992684327.860456402290613360771905771263311889583836364586190890806921747364784	1.332374576281642661023632549607266264412713290107765379724337749630488301823879e-33	4.280883755695636275968863498839239406111541592135686776881035423269621061966458e-31	2.0771815344117363945665272870194060457241514282322483798032202540757477896182017e-35
140	18041864093.920722503956463091757393469371882423560792413930667760381447842881752	2.3002828753807412829155058964164137888237954636974554300651040922002916355796959e-33	7.3946749541303874468957811126337998832443287968617022492487515949551868622532118e-31	4.3559219553178178705601952749766164162554735179646787534626691970906218697657304e-35
141	21711179456.945041156827476159290202592810479158836152272742135629612867610448076	4.1116451205143996287066718754254289494158515674442013829620347337160166464574057e-33	1.3215307260974039971201783566966303321425799895573939342509339011246769158094873e-30	9.1345355494793921486012440990621861229554852193528015302484445719016776459269788e-35
142	26126752255.633282886087340926902547568055230695226522972134428094141106736837681	7.5960454950455200408747953815334463418961079393744977471076349670389690628738354e-33	2.4394559110095984269435530582762155380872404826908179026458185977444204634316818e-30	1.9155494341503234272913699604743164759236122506227043669856385794841037858958661e-34
143	31440354715.9149973163888728331902639203750624503503777786093891405932318355812	1.4451853364408513176309562010652010572405142115160486872069474671436838444453859e-32	4.6350959791893772793191364874407907769803672317189285136806472991893296439012587e-30	4.0169887249251043243221671656808610317210801067027767362068430243098714216017998e-34
144	37834626171.319294364055927131035192674236313689321851472051054128643649242721461	2.8181990098872255465139557291337450342430880047865211117898370428025467499709061e-32	9.0241256353942370996963585029070866309381806777511186981392157167753407085785535e-30	8.4238011445131894291153356460916442925707477232437474227794133075764109721007412e-34
145	45529350748.669492334455934903211725710766833807938759751015538069026164096074357	5.6049385311392032550335499847833102236066360645810743613339523143568788758044108e-32	1.7916314290276890145085642998953620467952584594166279847075324698487273286961358e-29	1.7665086515509282703959874554668844919844434301414103834616181800123656245208047e-33
146	54789011795.939423911769412881418592846370743983759836951098661654315349083677185	1.1316833207096036823271817099191663069609435478062787711059812221101260954173678e-31	3.6112129933896662820297788033050775207828731498035808924382149732397199916260449e-29	3.7044483859046311315556819745100639026302498425143566077621083775540430265914046e-33
147	65931882713.335467735493820858731206839191239456947881979362548508030643485216611	2.3107187539674540024063480421761463162819953028209267664301898080001572818449353e-31	7.3615787638869013727238069631816809502645262731635127114910291576217633107125349e-29	7.7683969341367060524326084186158850365108999414550435780073465983608699433959398e-33
148	79340966657.974917357037171008086010476415421993964362293652975833783269534779961	4.7566208124548005521880670950409607447261244983555525708416867166987357666687305e-31	1.5131596610387479473881160468094362986296029460040620889377591436634051518034728e-28	1.6290684167074331686956397544100827008530529075038080836019065675940611342834116e-32
149	95477161142.080581369462759252443704688264319675410332615789882119838361784962545	9.84832940157560722681383261800271125297926742839009469196638142441139478678328e-31	3.1288597941805545186214543257730976296213361277771475158886947294402392503915943e-28	3.4162313846044646144796716694264442072469853221388328258310148662985814466085882e-32
150	114895100018.73090586526885233752111955645020489332995289461507368903876174988901	2.0473448957713463337984437474094618692225628643000075288299738778654080797237771e-30	6.4972081567305578093569216237952610065776259064350997823519590813994120243066786e-28	7.1639947516240881289962225608785748147245392693633514384544522256037722578261877e-32
151	138262217376.46558614193485423305802536287569634244537435556058337995010920858845	4.2682063415316272743563627154904641095236943015210145159501225159019101686321514e-30	1.3532049576557863906537643644942301952973143317178583889475578984446875156239033e-27	1.502322799381608261051791477931904909239584156771529627436935122906048925619096e-31
152	166381688607.61287925324443698036248650165782585944435045813901339271003302317123	8.9154725826551051750399219003479975143236472428025084335069467363695523850253921e-30	2.8242823531856320063419942191402044307971482904398802051470241185790525612637633e-27	3.1504404144381379992306371245844664042316639398306393348447146405292923060693235e-31
153	200220037181.55845653529477480102344997331964123376824436992298519541538513801412	1.8647511247032801677083837301167671398597996352770490673759965920720738481169892e-29	5.9031746245913233672454334987118753150502375356744456360040619931769417053394496e-27	6.6066194356981709589748506089139156662493874661540404063897674840893936656408407e-31
154	240940356023.95251183692229933961126673310630961197836646318548980933430409664624	3.9038184153405916925399703246279247033481927846362866358116531968459421524036695e-29	1.2351031078415846480050218538540541502206994840123578332388299158088356196437099e-26	1.3854387080672162259569995420116346870414382057273610660031080544406566105283649e-30
155	289942285388.28766493198085377755475823892063393544479099094069220647116095002971	8.1775425946421492269166753292700110597581492869940608011881620589010981088911392e-29	2.5859855764380365682591288999523044809426953299808926703802904456399097068848516e-26	2.9053291944040910281965821753856824296590138767425861858855287667947557829894037e-30
156	348910121340.67726269450078957266148355768909640437649906758526981996156964602198	1.7136927171121921788320515936579440018025919297779155216100514851712701934697771e-28	5.417020450689397803700403394754960876356330044260212158995935023065872623117778e-26	6.0926100410207307212714102612575347712220666374501672000266214333577773435526287e-30
157	419870708444.39097270074285418890911169654668940588088744442174122272455268771761	3.5921986078526047191556308709915358874775145253780777164941263509540920295067588e-28	0.00000000000000000000000011351185251044965979413432096211642960533742089497966860811027607598659448048482	1.2776485829562946501903500778138813960248717796921123425766990567819183988446527e-29
158	505263106533.5680440076617510721735570753098326764250531100057472346713427490235	7.5312059199665100346337808920419120115176791887616923593539396971649050667874892e-28	0.00000000000000000000000023791573145611859476919776129731342717238087258370706995912218722515267987851669	2.6792883439504131973667580891747886431148874545591114140534913360390617699288769e-29
159	608022426164.94231184305971939547924687201589545883408887481467369405107395610395	1.5791312475611531542699604302203704203573690126273206395676342339606912926385455e-27	0.00000000000000000000000049874098936135198172717185625042134962103087155249951071847583876850685876637549	5.618591952081063151421741750540266534400812666329554829479650255178061498683754e-29
160	731680714342.71964759477955319074963607401511842170255565440441045957803410642909	3.3113356231799664784979273569163433197326355096529578068973188735021142820801919e-27	0.0000000000000000000000010456234125603141660743151568678748761775249279379001572247390225886182569045104	1.1782447993391712029201414721074522952122120662032008050671403658263706940058253e-28
161	880488358164.3462665287988406852039522183620955553042594085167194496744618784358	6.943961873166890946006735170469761035163499575567495048675736442924470430417344e-27	0.0000000000000000000000021923451144551461794302401608555753468327335688834212537367284109148642578473492	2.4708340104897645898034158775737660105542926176824610477610133248367325633495295e-28
162	1059560179277.6159212777455053503746225601944720297811499700415612954403392756233	1.4562054414848117887479643442513834169836600216900188238931463736804854193349217e-26	0.0000000000000000000000045969057386968505457506015684690159019934371123544467230535303111655615223956917	5.1814535614739872450601929797591589229883428771824811092320077178794767321500465e-28
163	1275051240713.0131305127034615100071885471911650588929439217964272490741852310966	3.0538240773965377755398381776085593682523909154904760358669537393271689049109838e-26	0.0000000000000000000000096391379376037745284941274839248848139152054822482657145925811500266493862526276	1.0865748532364168508860895927811286578856953900061413901878179745885426531933651e-27
164	1534368408930.0123211565339213957415934579500952898379951202077940799243986151939	6.4042481406375424616233489629507849763229244905868099852984447213122711499742628e-26	0.000000000000000000000020212581396138982278893696471604975875604584093199598551231656930224124787045282	2.2785978839503528764562736934601165831937814909169273611964574441406576839731662e-27
165	1846424942895.543778570736395496714305456901356116712192143424771401472209938192	0.00000000000000000000000013430526390357102953223861125820296714463344256403741562666817326193900553163993	0.000000000000000000000042385074860825604237702276294029821287335504096798649971969444288999620739972237	4.7783254899819229719705508412029476890420555436048261166076057470283134505452712e-27
166	2221946860939.523558011775515613222945739170551651352403181338416504522052968972	0.00000000000000000000000028165500054716840310129937840114162885464675936221258686603609973654025456248512	0.000000000000000000000088881088145894538192458665971390229297323821006226887461668713779142077705824404	1.0020370269297208786433644733335674311465588926108182923249111103575651377828417e-26
167	2673841615839.9468892000593488057958640172075781079037829459256914891857859122356	0.00000000000000000000000059066437918239116898244138577053930133118401336775164224693467503886119402441437	0.00000000000000000000018638432455787067822354367205083567095691864537533360885875540332532090821747199	2.1013181407574790056097440188169487358063478912828408244401522269465571217825011e-26
168	3217641750250.7363716018517439499495424235715165588190367834173861745422190393595	0.0000000000000000000000012386900692896845094187080054814054454223229948426088114549280676575339849142678	0.00000000000000000000039085160359443943860544101129280336734392160660813227547100744420766251966938267	4.4065616442939712964769296890099491716219610885608260809211339416393257893268413e-26
169	3872038781812.5551933399356387474422851148276196226358525025506887295950347943734	0.0000000000000000000000025976640308690357846460275410834279582924060038169838580406084078772825646563179	0.00000000000000000000081962676434127696572912784489124237150152731988911004193367756991858001878037866	9.2407642371781352254972705623584492903261882573300960336100653025435530464373877e-26
170	4659525668664.6808466927491911532927990136575603820022910897453682125691098746399	0.0000000000000000000000054475568849343375425301235999455571233651376274195071845635290475640318455724958	0.0000000000000000000017187849836437209959776103517018968541712480787408790855390406379220916297801654	0.00000000000000000000000019378311387290873975240188245793908733103087171539497498536910985040511400759351
171	5607169938205.4577886726660441608326033341093359907348256898825070109439563985243	0.000000000000000000000011424024494647147111548081396642626644300659048624088125437764252649360138694549	0.0000000000000000000036043568972882564406444360035739047969991584736619848216126158713015368274237933	0.00000000000000000000000040637218155845745770757669547834943607142739103374311594654224257753317841564689
172	6747544053110.6940179797357254538274042083653150930535288624839914260387141202873	0.000000000000000000000023957150608006424394087824317268787971991426374384908745927952041074614941357216	0.0000000000000000000075584820801101238573688327727032292207116550018230915943172570044508872177848794	0.00000000000000000000000085218132089669247348101906347257920539912900976180507845503715514516087715474025
173	8119844993184.0119909330860576148469275166288012831542049021688945231508677315673	0.000000000000000000000050240045979484661825250067057076122912048087122345504268730237797419387239368207	0.000000000000000000015850456558353954698720814535525678606869275027725896946822190561683265698580963	0.000000000000000000000001787063772204398406749904433500369648808804804568641790348009165887778466256946
174	9771241535346.4976850734812281294417573919537383519214345808194316878483984475666	0.00000000000000000000010535711349054057565356185770072521190648378628124095459312733912800123236012906	0.00000000000000000003323909815253755381451246210857193143582797648180844345306971003587232693445361	0.0000000000000000000000037475556523515924190750919646950515214837120391926109356447328257028625853380284
175	11758495540521.567342520028788490513826935223356972449805621067235067885594491468	0.0000000000000000000002209412491094267747677954526885440249958141221389903789741751037324484937865436	0.000000000000000000069703866883532515243707029108902549546364995740063488102096037012108569687820121	0.0000000000000000000000078587980943955532400522902161451763397534453075091948613404020810752356925275944
176	14149912974345.759436017547100336967688204505653286514032792514973013115213194659	0.00000000000000000000046332845944136153208729293701252982807286819237790972383471639850272470339171788	0.00000000000000000014617215098758052965307282182718158131636939235565485054822443239614301304260044	0.000000000000000000000016480264262387090051431880686289370193584954616342993662452386773499143181474428
177	17027691722258.999863044201665765212607340494710574084516360685456083585007490141	0.00000000000000000000097162905141212901819772588146646251554023878021015081340260192319876512363965937	0.00000000000000000030652965116905277773351800065341200915776775482202344171730093442143616564761261	0.000000000000000000000034559878864005565943624415029738404438825277901048530539245318457495290424271521
178	20490746898158.470316603042483875417276998389300184080238940555937499371747147553	0.000000000000000000002037564883115699218093790639686247863307106631658927682295505494110261262798204	0.00000000000000000064280671331587553801580703792101197080777170416483670133731247223209376730175535	0.000000000000000000000072473669601489036243309579983205249311866081020845743883381902117749260155341826
179	24658110758226.030643393718621557954729592370921884300253927350486329713540049441	0.000000000000000000004272892131641913561090174952609672864090508453188077423983253913983164131558115	0.0000000000000000013479952364256181574122588793774540465186400337004827124793146961050138637754206	0.00000000000000000000015198064802781513316777781018578829483787330535378235204355119217458957517027003
180	29673024081888.69223141936806496501991253613327688603360903267183669144372537451	0.0000000000000000000089604952135005120935463063247020515410970511201146436651289211712756113898378831	0.0000000000000000028268081787510198664842189117354924830262347627348697322427010352826063361406563	0.0000000000000000000003187104710164564077309627992754810505356938219136291832599125650551363123370401
181	35707859649004.631015621692437325137815456402756654410499766140746632647289735564	0.000000000000000000018790648087024717183140690242764509109566534173084204694681009990575353303214559	0.0000000000000000059279473809742994612608535590079669231483548964093217010888167550902784335062342	0.00000000000000000000066835064630746122129909408940017403301303156960375254770499363493251454829975452
182	42970047043208.409531222641451600724330801534405323364928271379245249320273570699	0.000000000000000000039404990215940454429135502242184202069195787012068036231568497753643328061322505	0.000000000000000012431179968409642841908102039440339650553026021430650498695878687562113338758383	0.0000000000000000000014015623176585537656066436100247765966677674573912327299429829363701373202807609
183	51709202428967.582067761100661971546671485796263605482263391030995924262510240192	0.000000000000000000082634319031893347941849843106758865181781695826969924659000861764976660945327459	0.00000000000000002606876016724086906933648898544644474370631066722177274807737206310855170123526	0.0000000000000000000029391412144720532214619903335631982971187342490927254356764729499354484499630237
184	62225708367302.297777222218880339779602582518798654941067287292510540379811578994	0.00000000000000000017328839658861682741814003328120767661955769035120501768063578148071767952010986	0.000000000000000054667398249284942426151348078068894317004717565246386805892072094617360788722001	0.0000000000000000000061635155067829113914998900492466030797114767332594975878218570970851395868524313
185	74881038575900.226282998343394706525609139234741152722313731110474980127229769973	0.00000000000000000036339449897451380063564848254994505638150221196589259021751546347928206791010748	0.00000000000000011464006880230312929277116522973783684291175102539198892660946212036027872023563	0.000000000000000000012925178012988556028403610143698225843729742061343558603721142212465462376697999
186	90110182516650.203436530920260520950896578258630336995297681885143418814625362117	0.00000000000000000076205633220827103615379970309166147531817227547211565281384047003660156372382438	0.00000000000000024040554110610778646504949425331515908988437842555807754718199619295170529969807	0.000000000000000000027104698038582766253738325564815031278492345826051373347734106431621022052286991
187	108436596868961.02210469042596681212093979020090322870939857533943028565845694926	0.0000000000000000015980695941570926480946283120850683634425164580759814659467127791562490575973925	0.00000000000000050414157142615609025744885229294092899957302807557487681734204791253051637847296	0.000000000000000000056839809480734919982829062137308684525732088449205991706525638253350737215723784
188	130490197801440.24236831269240242399898570830212795163138991690340763391585573047	0.0000000000000000033512297652557633573182759248708186087091037899065673754481649875606165323482802	0.0000000000000010572082638605269984996802332675770941152236162389997508638662158704659724178501	0.00000000000000000011919571792342717653833417634081008413925061592484925410665974903029474404430651
189	157029012472937.72191511855723608559380118126750203536854047298579524072993964964	0.000000000000000007027690729019516930633115528294130297960381494072307878367346932960372832736377	0.0000000000000022170147801993014814518961697862339027227760969220483474179265084254459912132054	0.00000000000000000024995895132438539199661360909834122152349870285843439508033793640074441455054599
190	188965233969120.97337086931597100706874099621471518905935582123167568151399709201	0.000000000000000014737404734038497500828797972207306580018030716237775997968782681674689200138611	0.0000000000000046491828613524077259393893606075352551933907917314723285452050735619224796491234	0.00000000000000000052417551935320315762084790173195325828875950573399175623300461587174656305348124
191	227396575235792.81484816305858597791396470249334782259562153966592614337039479782	0.000000000000000030905041063247953568563493630924411221526279691531811332933430033959115518650603	0.0000000000000097495521846401328201565216737329764002306589626376557066840030251681176211693572	0.0000000000000000010992203865211553547548163453322981977715250003250580389877627965103057807774519
192	273643999707467.04878861370220115041727998882154851165894814204502953218875771683	0.000000000000000064809339150889122083546582249740983379273590998195662303483484561351426173288173	0.000000000000020445263324003510196700685832692934382226647513602363550093669237035770510985067	0.0000000000000000023051161558149568262403458530648579153985987381799542820219195235400445802130532
193	329297125509715.04358697483360648907349548208060471763415145132581593824568852732	0.00000000000000013590825073341440836156180042971555803454929879561591233400707119566930869456399	0.000000000000042874665889633938008379600120047334910865676194403001505892603898113683385882292	0.0000000000000000048339355391831797339000234420968103251669195285598783805168902335085180005797877
194	396268863870147.79175062434535463070217989638693582646554188026141014555509941253	0.0000000000000002850060114893281460942229257499263112742990756995603604961609240942493190762859	0.000000000000089910163848103905717033288641964375135619037079099359221171239468141025906065536	0.000000000000000010136987126671511305672505377530410250635075101858846126134235275505814215454513
195	476861169771447.01758367806799469786114872013482280287450884776600445633304196919	0.00000000000000059767101097187563703247269970119617715255735437884295689916695061531320667621976	0.00000000000018854578562581121151288973087190299462160266683062655048719872498381013805326978	0.000000000000000021257732374244622851259566277600745987080763782884334208982823336698111107291673
196	573844164830239.46802539692582757972347261388030448448284875469122973934296312654	0.0000000000000012533441568994727253946144511065402515277221776335412861611055670079618947598647	0.00000000000039538926141328408977711521170090884154329442210514059588656108812271183779689716	0.000000000000000044578451175698966096952089892664843846986087762084247282105695730425137699091335
197	690551352016232.76351460576488986205405627772770803684077095753927756749326215747	0.0000000000000026283214014711760969206249023302315507580552804651300748642623669830676380767284	0.0000000000008291496281329174066378464485593369028036050637081389558542717899024647302632493	0.000000000000000093483080614557617674819795266066214973125762420532560913306105852559987741423498
198	830994194935339.34284006927648002881278618709978460504918090001834476358936508053	0.0000000000000055117128910039400577930168146525694585084901649450458271103164595224749246536161	0.0000000000017387652445378246506576902984327512324821491592423699837833037151598282498998958	0.00000000000000019603835778735852025186978517881301014594508344399900819049304692221828075512603
199	1000000000000000.0	0.000000000000011558319346913616748023417161904359300195670397845709278466609547703487251276427	0.0000000000036462714001282479436534687489182909155335665285571083614165806228560801902460126	0.00000000000000041110153271928064813372809919979749035749860071085498327333813835108045490400793
