	m6	Whl2l3	Whl1l3	Whl1l2
0	0.1	1.3902022568555413655164386210490177368896978873071963459404724592487299581035656e-46	4.3540532054626889419602106661094084426876418910292159552515154266494763853924414e-44	5.3024641106336220252629449973864168553700319048463868277763542316713858193381206e-48
1	0.12033778407775895498239640770431763786298404250453128277430639102473632896813104	2.0131993563931998018120911147030479053506800441399642704144166629466626012631069e-46	6.3052308843598631491447703606570055410218592953406559619623521831720111814319561e-44	7.6785864261327947328683365047963761356838406671033516017812479124919578633594725e-48
2	0.1448118227674533666352114050535057466308525408301496112587129039799224385673547	2.9153788249758749172273515091882518719131407802032676528575328289448154135655335e-46	9.1307815491542141626748054293817768476583500809747341429157213032483679799277199e-44	1.1119486399864202036133391747079780446120536330286838475702974481262566134993429e-47
3	0.17426333860096501471714050368858326275344393605772895444378037149488747271744414	4.2218476004548886627192084138044731002970937907458513476550224407444090711628313e-46	1.3222527854326975501965221820941214463576454464574729237556392446040970677161472e-43	1.6102304579540840380889387493987098430070712370466497469554897587567369178104002e-47
4	0.20970464013232325233942615801676567577466555516317545286211947428272059349197792	6.1137732287915982494359214117269176272046602013808375770654038680751016725482617e-46	1.9147868933981764227856308909876601228207211063360748914286144964308357197743309e-43	2.3317991099172855985434630573543230329556094219574032427267228411784595393412697e-47
5	0.25235391704347660629848322524084291725319790219501911106406412803806382359604405	8.8535025594285653454536613762607976975165644568086754593470970777055051960530015e-46	2.7728450040230789063827254865594024605675539151828506858831788424615305768175192e-43	3.3767111749576587217089874754278683114613835979525438898186561886982535466489858e-47
6	0.30367711180354583332815008889520565909335908898849948054461381899839518069084088	1.2820933070766693316777214011760942755927229009155033425629983998325239553835925e-45	4.0154074767587006100734318050266204867988101525379497081571997062520541073829593e-43	4.8898580500324607124144883484536497325987489937795321342573138088051993502568625e-47
7	0.365438307095725637910590077455332094869746999496986712366473307851666037465686	1.8566175653527782190543586153437525401016926659417141273254181251998360862958425e-45	5.8147641473848707578647140419308894183056011661694686524618554075625064061114859e-43	7.0810548548594907207475507641028876208788706257424991015551314041078635539028912e-47
8	0.43976036093027200008446483656661370205864648958772811970946895253599695009909159	2.6885801966778814709256618372925446940758270675008288006265560859147136256548125e-45	8.4203946221980519574765739108453314284788649110341214943129165413191749221243332e-43	1.0254129126125950360969907168809418491635238594370591507851608638687321082585207e-46
9	0.52919787359584417116031727749057727682839012227009734171767126635992309031477458	3.8933230325406805566728037698843637818379078457300198350713104330889186903852896e-45	1.2193540822182739042578154557618659918289416269360604377213198305049629016146534e-42	1.484903985397702171475765876562679772072712747643103406601345564841436531148879e-46
10	0.63682499447185872796468441391873268353005743782983482379558617019433473831843864	5.6378519061809045997455309437240878301212984091677994188475956152295408838772349e-45	1.7657254261477030045982609676717476193256162934548840042148951391783507566942786e-42	2.1502861183556052826019680718358409680282139582110602180073436853464180444283099e-46
11	0.76634108680074575761131056658099408993427905435896941538096760624319727662166197	8.1639650350897487259641967206799609546891549642794819778008488299856397660283349e-45	2.5568835028864366799116189113361559504923710568316497920058488419409694113792884e-42	3.1138074833261056472908573635672361617313545877393918850983891782830694216838627e-46
12	0.92219788233343276088046174199209634776970977786144753232908689963924455547021632	1.182172284015152965277613361304765366347050686106921326354765231383530106128549e-44	3.7024662282578823422569069756115335109981126583999872446282121732936555074043092e-42	4.5090389878372562128243508024651215340418545058812960542644242060088108246108156e-46
13	1.1097524964120719117458335244039879849180874182170492458366756414592850042927983	1.7117871583870143231121607999064809593378443401721104141203550516627407917549552e-44	5.361186482128746733395103469688527226250707828051866858406121102350760189716846e-42	6.5293765631822167991567574539811301638305600506523330211618152841254661501481496e-46
14	1.3354515629298987911824550830594025799368375484502698251213117071107062257926061	2.4785879913498347550649800067333827255058964542216479665198366129260741911233913e-44	7.7627693195283085018607744139812312671916407851769030219136464710543749769537793e-42	9.4548198431940009394239498821421308211686656612829170460692285258961975584372904e-46
15	1.6070528182616388583821230778856563285866781166675335244162337528738288877671594	3.5887193359737281027708302903292021845409272757688446463193248197259223438642389e-44	1.1239668664478142175324031730967981553875374025803868517418960876965607553195976e-41	1.369072181188222259985461317358207136557302533367055731507298207776829759896573e-45
16	1.9338917504552310017553456801290095608861427504689827649515231431945100593644192	5.1957545208844699955239870504176158099693021927532328254930827368564364850965508e-44	1.6272899662116318878041204720695034593029818480443058458643064389280041599063649e-41	1.9823846274403163423447519893593338973232889445971410008700554166403594163725221e-45
17	2.3272024789604089152381450436179930870990384663080580621179034794120270834684786	7.5218234154234872129759781737676043219005010075562876723591140071282958666165867e-44	2.3558226378520590070042690100390270960073934237737889824257386642394624731628648e-41	2.8703436140069633184976398058889582381472854021986956714743210387718879865252535e-45
18	2.8005038941836306539000596681205401651183406254758088841619264460435165186743223	1.0888097124387687138871694433260476708705261800184926687921974136068363428914164e-43	3.4101670084166958085508605879361252878479417664712011490421667056907123713258529e-41	4.1558399501092998985876549804853972139953153708430206437958801312213745794951405e-45
19	3.3700643292719285820065490690695714886795767071667989478605535437210254806143057	1.5758732003765239130748413121408746384718139468914831569913401303312319874249411e-43	4.935719925362691436317022227702496068954654299833787810344909782293326139944834e-41	6.0166608940781269888159967656581230021680255770195383178918275986928492201546411e-45
20	4.0554607358408289943256622736783096430075004279658217594605164359854666914505831	2.2804148907472732711224279769400408973447455994844411454915272389660573185202088e-43	7.1425026184725192308770240744152253779845689439307236651462845569037575731046405e-41	8.7099315787427106691901893258785922337257889384309482726258191685134193858093954e-45
21	4.8802515836544312669122200391442379890428657820471387533537073159724900602652139	3.2992058434056843053596348820436879040199282147082978257482824460634998056452883e-43	1.0333688828612592924743489843868748973149973553117064959260430700163767152938282e-40	1.2607370214221415229250500749792056662937910616672848557659232360193568896070227e-44
22	5.8727866131894814363668277928642036985132879581648804276981806229943891964182356	4.7718282773897935868792340360062246952123653871425300085007073092429459053864298e-43	1.4946611085693752538624637064891880310366335037189789794169328299555752179873299e-40	1.8246090225155625034017024909723707055476467618867292517267949841263632216011834e-44
23	7.0671812739274911803774222000854394382988279951030877786554911040322949206772212	6.8994706211512470778122271401680722293785997406794710416406205108536154313993282e-43	2.1611680861813602317357812993150385107679025920011783963610651100867718618083403e-40	2.6401724267283031746398349608338709553576084986210120685005196729908194259329994e-44
24	8.5044893418026789585792595332265060349520160775433999597705506770109276223718619	9.9719494058770431747664209281384050741014484383190641443169725262359947111091242e-43	3.1237103853895797419516989979319137567528530701085661137611649186177548970213732e-40	3.8193563595472699453421654110109523782399210399343932940157028038306576771065047e-44
25	10.23411402105453155016360449552893210039126661620459093981129840811937568776605	1.4406658871267553784154127117704417157160683408314843273892131952887660931583867e-42	4.51309828068388407257988450240313910079892282503017018206353814062284425662512e-40	5.5235603258750229033540496767053427719484362714763982242092389717138838366460064e-44
26	12.315506032928256813526642030654711701680163118824776034772864668256847817984101	2.0805017299798700165700762758990202921076405549393896101175633217325868227048807e-42	6.5178228894526776977086262847452481866245332804866012572062307160085765592389248e-40	7.9853497968931978171504036688289534843112371952115454378751975227230710424165692e-44
27	14.820207057988583351225970196030241113564075644800887616763864594644940095788776	3.0035022426528842123555142797550097962255988258846484995037037877132783377337521e-42	9.4099178247318447441517428890158327477081232556389611186887767466985634253040162e-40	1.1539654364232570340573064065278001067040279762490434723384085505727874887978591e-43
28	17.83430876931909431237754697175629031657735068701632714203173111331110021339945	4.3353599498265046351866299620323912645272716621590304092569316205659975563311144e-42	1.3583258167033118235112792720162209053889356964359681512521879469748600205290639e-39	1.6668782453698375652926618082473372475931621285675918345918803283811927311475057e-43
29	21.46141197858404211174158708763578184666977778825814129515511043333600717774548	6.2590856955661476318139408849563725962240953851592872583163152494604890328869316e-42	1.961118755782556952286764900607057782150449143159719335993057512040932118313079e-39	2.4067812371172601462140255357767164236087048549945948893886801772834072709362745e-43
30	25.826187606826760533910425184934556248424244487355748446346451276799214066947737	9.0431781487957247088273249294187017886127246668132176858708959105427522929859566e-42	2.8334555868019911342827867144406722848282101210655696844077423561352160860141527e-39	3.474065115678388632825383235674036023210156987434325499672100830990492702986575e-43
31	31.078661877820129940356035092225485462439949183646919735438922764746593943154322	1.3084973329486300500235341750199346160163825840918707925904451867583493008681623e-41	4.0997195487274773522574124744944401652522043786068464988725047983507668094107109e-39	5.014339341588267020358029406177205971648280569303267460031303774365233614669985e-43
32	37.399373024787974574850323233584365926405250684796432517183892638572860765527397	1.8976357821172579400371140830841955044100413092038801799073416779948764054030323e-41	5.9451619685439170994558472309635710251842497146168421592504537754372133081001261e-39	7.240233423162103407819266504138603401154593115700343636212016426405988122643358e-43
33	45.005576757004980935901687142776790393497138246664066983677218371641825242218111	2.7597167687873627150222006412603578422809346964861480971162015430139608324623505e-41	8.6452938607636639032151448344442893876287040545562664157788258437581780154100904e-39	1.0465130206371139641069938928538937262210123926498096450086654249477095018566179e-42
34	54.15871378079472499793391495731333666331786192735256358981419986633672209735435	4.0222881979829548725803760238900658510566861354093737825500099019895456651501584e-41	1.2600374049325621207083077358951041042790391631096255428882517884452739944825678e-38	1.5155773242569133044721581652866272637518221257092432865268006116975325746636165e-42
35	65.173396048824239519260808731035957182254082266589478664497258921976317408798501	5.8550940299159264341847158272526576512979832475885263825955961994156151471369193e-41	1.8346534839476696031743209617448287596041143265188078501222950812871429585247394e-38	2.2013157058453740867065724496346907081764033425232409277078035389017468328196925e-42
36	78.428220613376799586434869918596042865966153375708710944643299391367042247279941	8.4239712238737152910755366070207190375640932902075715060872886870628813409265857e-41	2.6421072068098562930520772591346490375876857677007573865285556504936782545275232e-38	3.2089627567322348866744559071883556316038184804127717608464646111380136713284599e-42
37	94.378782777753812952687092432639993987387124522842363497834665338955220802210251	1.1640547632091548982959405583250686252060463801349467747114128944414990436247602e-40	3.6609284506746750011615791389268065743114712533977285029300232375922396305931052e-38	4.6930017230511886924839509575472150788898746858085061146675207211135167401351992e-42
38	113.57333583431053869585589677831132668759997702118426285243789204048313108349598	1.4093446122525501096122151217191799819752564605823544212170497738597454760424573e-40	4.4687954342194115973420782482945312143149524030173495822028230231949692972081689e-38	6.8636291514272311481046582683137930262320937575460461288839386790618836775735182e-42
39	136.67163564620065302846290536423727139983597565016555792033720300407065763123814	1.5623542230398005067592683140707379475110411863291313581148978208741346407697072e-42	5.7042929822598506744253762786880710755006638442090370224383291227453689895172646e-40	9.9488247094078473854048956575057066996086126118218874988168644577304130928893479e-42
40	164.46761779946638168381515705245122156804998062220489823343007393340001666065936	1.7827038650837943866592055704419335444653579719578631025757570034855853022226028e-41	7.1060789721059605385851286730366419541334500874353068147750995007563679730248088e-39	1.3916901617542003241131766353974568959647196093754997354559216997092396439833374e-41
41	197.91668678535570842859189173084641070279321813100149823251638528221847325013942	2.5656431059445754598874255674805435007407411440924143757565704617221734785546149e-41	1.0052811739856826722107946499479969600413318089508473520891496505871492050556174e-38	1.7540064721457249433330694494314378563225797729869487449941427663170600581790636e-41
42	238.16855519761584342054395019268312209717976622749712416377265337681451147538909	4.0112659086657526480222486237192961264117547025749326893425663470989753874690326e-41	1.4586883110695804132000341941033177641565577245102763624890666797335100948029145e-38	1.5008387662145330507311644772934482349762980204607110799272386166778428759480587e-41
43	286.60676169482510642353043373268433358028671833686513840880378251458613320540328	1.0491795647917446689496403060591052250451539606065534171627158199134326453535953e-40	2.243905284877619772501401590961430366484011170369492269810592483910842382744995e-38	5.0010713712390040623312953167370174030157540193513487948222024763002108974717309e-41
44	344.89622604057579854850138453146101025115653415848868513726932312003657397644847	1.5287306690329503240041985670546406690217347420566494095780248353895836279384786e-40	4.0234382906298787459156120370975570155564304762782677538260676201732533229923626e-38	8.2218169152395948319971478596507192984166230894860969223138883406283420935619647e-42
45	415.04047578504755795644622281332078122703376351019936507707695771089549929623361	7.4335641203046347892445810085574641165272266038668309118915016436293106444286995e-40	2.4141327791495506400728516464051879557493470133904069515944994513058082967081537e-37	5.8284012690077595150752810771215493240053717282887384843060891863877947926180971e-41
46	499.45051158551397131532206378594457120215560537691323128715221645291391884799373	8.3031379145924884863065005405646240351978951034641200704804422333710252501264804e-40	2.6097143352578247125293363630232090488480021508800041005573413906094837078899422e-37	3.1808561384583313644675887095574868761965304634913384083446430752733890327815874e-41
47	601.02767820703827655438258771865271116255556070347630048245636427195474875640516	1.2008076398731566900626321708428903785825871895481269877787370430195394839948311e-39	3.7744720371785427361523598993755220657564453743470084597370154310337368515898847e-37	4.6097164613885255572841832379700079108890571206983391913247693562110912117659374e-41
48	723.26338964835363576608879918540796467262366446922730184887799040493517707807932	1.7359789937993042439205190188447113107635667696309516062720008915495646021016912e-39	5.4568478408149944378222760038905198389822948797030095070371955956943478577001057e-37	6.6708917929303957319846260788452508935524891267068899514270528182033618620363908e-41
49	870.35913614851621132516030795051820692322978884484362381361574721968272522367051	2.5095143033657208634351559337147969195098827705578048424349452802631269445514033e-39	7.8884304470683043567554712464714168091726790318349767254422111725822256517015138e-37	9.6461821543337682446919886233399083644192886178671745588565097322375734374513885e-41
50	1047.3708979594495264523539291314579735302557043121271899710190930876003833615054	1.1467371021961298897463485835410469676376263902000538437931146617071589691214285e-39	2.8813727151022624762013415003596239054782568184144992011323538121710882578127511e-37	1.3962808244625357709344407183314583657765899854879799448798500401253200255867955e-40
51	1260.3829296797274437742659069751171289268986941236754472905856151514861601547186	1.6544789387814665830075743349891590075044280915312326287494070972248653450574016e-39	4.1529963301404003206005568043723648395620615807257282084799743176442476440877653e-37	2.0183090281850068851690968864210006724052946187354505725937836591158553476030097e-40
52	1516.7168884709228979732657895432429681773820065298391223829320540220280696397663	2.3892690426051173924825172147577249121344365275906616831875143506570542494223996e-39	5.9927775285194306257760528155736060326966521879100457880001730105242810903212445e-37	2.9179560158768962948024676608773254136523903573761936731071688486272660666121933e-40
53	1825.1834943190433022861174305599893386061470472115695358877176984942227932697871	3.4533758257708457924425719413924125949319728132478511673676832071211849224266921e-39	8.6570489931376995318361278480362710031920152953674558208440057801343296223546394e-37	4.2198474080416886931809534252014072749876071765846863880701643373925643104753827e-40
54	2196.385372416546211665209632440792754215941724297841165406845489411869825386872	3.0844421000379080564900964337795789472726816761284212705490692528599044961279607e-39	1.2519120567691422347087259000079643783250292263963564362039638889513704085672374e-36	2.4374944069531681984309711496812017999132784515164162513840260386335130153689795e-39
55	2643.0814869741052734311846257145367348151936097257109267377959381423337384313201	4.4618370814694369082059409806789158505048023466218626029345412214125007066603029e-39	1.8112710072696873681875204532936533110781836110138628486570830790187513889194633e-36	3.5291681545826416978309871282496211654365973422091942107895131179091239174812192e-39
56	3180.6256927941194834784764357439690697423351834485028409314362054617989336870164	1.029442570155588746095477608989882401140460547679862624037034124632058894768176e-42	3.8568509712244172721851682948279849101609052970408035014048604479163707627501636e-40	4.6158500288242008522910783450414593816761889758089970653910649099161049950081234e-43
57	3827.4944785163123693485578921295378454745580610245065948866623585962682831500746	1.4022406183038209523935119144625543596719387216649502888756813627128492641163586e-43	6.587435126043575738649200652392930024963457683376001341617042306984028432739256e-41	2.4859592112699810259975514702532407186978607458414489643964282860042105152727541e-43
58	4605.9220411451060922951572831492098094888369633732035415910989343215578787409171	6.1951245104487518672572837764232904433289522389222913112237649469147553695203928e-44	1.0112153483248307565115327476830192599292858612087767404189817188560930607622518e-41	9.0438922665044667068640735637124523284483672025642048667594005844641021290007809e-44
59	5542.6645206631057424152838072862586233306121165543188189153249679714456006496402	6.8029463607912328474840372278440786695195688325740553193167430075651700707352961e-43	1.8729234933219125550508007131369104331153908440402820429111560733258048909762611e-40	9.59574473397586404512851886222342033059472485655668311333603878289094860839696e-45
60	6669.9196630301215654469826423112604032046326862401624698648343296253258737552416	1.7669606203360097363354898105663525596540612735042195163306432780876637859411641e-42	5.2675982098635311108984239140685612098426869691594222333527619478363084543277614e-40	9.5881624486595625343860741083531690427406571626296658426595459844589706247520494e-45
61	8026.4335222571753725026070072138584836044855894942238811299302969703503633499231	3.0501974331598837066956348327310370580824847239460170445012529877535954057410507e-42	9.4080632840962397314115997506511055704209938223197153412497279499175912325585268e-40	7.6612993710823702456345307974154602066594425907902529875682098932473406962547451e-44
62	9658.8322411587024535273139637431314193647665289570909791448372750689736635595424	4.2802678326388584702987352795260019060482619119159979581768319242757784876360361e-42	1.3465013645848836172733680248528605434846978533970406709351712448469240141242358e-39	1.8589266889182865888551781345374352764677507623381101776193142131253890769390783e-43
63	11623.224686798525469956184929855750402124377773712872400299643051860238816157397	5.2730312535316851458929151718822931953527447641576356254934422050701118773248918e-42	1.680924165380693689409431839106659462938714809247877992797384293147590061153696e-39	3.0967274897688039655189269084135259480393149859675545322318925127434172924385978e-43
64	13987.131026472384146931309990902017193645055395752784080855721251644901122579159	5.9265095909524128847625255792983960461693828822966336919032686532138710890038277e-42	1.9076308493489481324704674364266676338647803402037314129272675694470095564875347e-39	4.2396042259967718224430859814049705329391658341649631109608163390532679576701923e-43
65	16831.803533309567372587904201698450406695991576039456687760894037740847635256047	6.2149638966752153556835285154185955460804449593574395349932500431060479984628855e-42	2.0155004117282232243802365155034798122205537888133655998356451717715812005155184e-39	5.123992355163056262045519080342930859457199008849207683906391997280863866433266e-43
66	20255.019392306669768350901802298041730611814315685263709762287137003723867343016	6.1696951571808748650106256130630138205601836270252815996344666846279304172003533e-42	2.0128555557086314177192530459543828172411925951083111812001202822886632429682109e-39	5.6715155184561036876361969382013324917896440363578876060646504707390437263347121e-43
67	24374.441501222204294370814346839041143265776127419151178906318298982759108313759	5.8557854508190005724419546913555041455638994285532555502407934446843730486122655e-42	1.9199230173198472174468991142222876966576862780793147210745201255315315550302486e-39	5.8762758742191713459994953350492182800054634421123861255788839910989411853942237e-43
68	29331.662783900444557944595708783288973839950089332174163225127373780143610446608	5.3512972933649398355393587699775976796321964750869941758060753161560102231603832e-42	1.7618901503694419430896332506818212995496337359392355795514019713953705015677135e-39	5.7818950888991645112998661029081626774865738476574668649366088911291411979543282e-43
69	35297.073027306498206900590022298761095892445340138520376135173616869103143368693	4.7321230175272267664949348209986868298475173068406716820740303504778495438563985e-42	1.5637262564031846614663908790355403458147742496551529900573074921183575142264911e-39	5.4576518826182690812851612930267588181555709851360009075322976328621544709538713e-43
70	42475.715525368989955590749940502767826227390184838152089238015671444933614072483	4.0630240450598444980477911492206473305608816032481222055564835468196393351602381e-42	1.3470322112579156897001376653077430004379224313580593846026706372519410177559329e-39	4.9792198877327595458893615159612630199137435566819517479589667172082279713506235e-43
71	51114.334834401672849562927285144868004831662301582758052945868315586737673504841	3.3938549094866397328171233180280304085643172909498733648931724614520085482438728e-42	1.1286334528655167998203684459386180049900482470738454958390287885622891033582451e-39	4.4159369916368019362891703561735988305602891226777655219562108281071941180689173e-43
72	61509.857885805015379527442581915530912483673298345232434974733593143654488294799	2.7593962229642836877650734645522179675766291289304707473682011550611090242544617e-42	9.2041214599972030855588904557275942118557137726167768664536067831132559644036501e-40	3.8241852808534199886142391625503491306960035917234056537247527369367200530699555e-43
73	74019.599969156428771741642767788616375021252184135134963034030346861010408181045	2.1812760308704468703610724470145009493851498600424563457589729898730586202827003e-42	7.2987401934958549567886301865788421997614265380373008118721468201006893362502162e-40	3.2453724583108486306212790435282334616676312618179450549146058761165873714041531e-43
74	89073.546386104397295618563842713398270107535323487586212324623524210761788974648	1.670805193826687844299631588149882928680220182980315876487824326384605334298788e-42	5.6105158791461559972139958463670065290371384721170199077812579259843119272476477e-40	2.7068111179030664153904388947195041210612208063634302522746161617864299285314593e-43
75	107189.13192051277446769820941795247619181970454435459652504455469269361125568338	1.2319606015229749808795844315179674391968371283464286777414919698453625854852666e-42	4.1547880335851493181014839293726910700262279726452018465884123593900253567681701e-40	2.2240666848806554123338579917229319638463002807959222304862664540010793756677635e-43
76	128989.02612533086306743884732026405787756673554036982082065437483440141691766408	8.6410175795301730699042317004851532012051863784951618209003125772606960503650212e-43	2.9309009031821744353935233040889780397658322678273683246533144027979211340231099e-40	1.803772427253955075478733550693004507715431494056965339486903068088626340534402e-43
77	155222.53574270474204045790156879609000924253234235911147730756662340381687798991	5.6426232405367637431081234116806387671804602099924805520471788160305481816944286e-43	1.9298399519242009536086853205155058606465171835340422631158187154431300757702515e-40	1.4463129137569044131387933530085004685849694488147954820228148002448077961126303e-43
78	186791.35990207824992510737600373061886413435280654619598671823402072663406284554	3.2902322962791475058150417740219166984359976052226962889484836385180014626661541e-43	1.1404865008604608011354888845119952288972940518956914350957988443587571462595715e-40	1.1480839584443189539625896927702355924535909855353278698546857522194397546965817e-43
79	224780.58335487254536311895688676640241513090640486034657813462579534881994580054	1.5607069935634753856087384922342695507662209580683557785365256054822263097642861e-43	5.5479982702744288564081098483483276246708628681172401018941275371712782263442184e-41	9.0323816913346459603906769852635906116938150063240683917700433402781723091740883e-44
80	270495.9730463135097344554814040641207101514688640508989221496246424817555540015	4.5597002388884862818974448244349004712729162309339339223065167686666699183839018e-44	1.7242602159377359780120002006515591502408044667506395029838176868040880615512868e-41	7.0493942647234748400668132108193208204571382003880369137094488413617461454438625e-44
81	325508.85998350581321734605371020682219832131513656453463594114709321508669337571	1.7368719815731244364254117738084614075969438619287877245939836200227848887894599e-45	5.3521222254178996543538914603180258830861762012823818620736866877277408313125775e-43	5.4620290935545291467357260691598131596629598882711384840835216048027662151941742e-44
82	391710.14908092594903521938477055292492950995642453323509653282337067755760441152	3.4266842768380832028165840806127630690720545798521400419213274340013339349255577e-44	8.3334459221925153262362328703660803649015569851094907989750691465101338252077952e-42	4.2041289618616472275563607080958618155844591323940863452321777346675071019908579e-44
83	471375.31341167237223526745183992027453917044001944054994919990781476204844099733	1.6084339097895067087606002663365404568030843198542128709039170104855239279885103e-43	4.6098231386094724942693286319991470210442664008652439116441673778271414882875612e-41	3.2160578005517356413045251051312483270449098412889147716748771484345723687530904e-44
84	567242.6068491978478420644143357956517415913824915974007594949138983593524933999	4.1013275121979600322023009610945720762672624399679371305220350706876407288765715e-43	1.2276177744112873536347593177283835124178351211194294967435518678160919983386107e-40	2.4459186824910139820615691925709420226895679080336249256940657276004835821642787e-44
85	682607.18342723883516967173259162096170238067822892234555770319637528202973218075	8.2630603192789427426373932477673087750230139005678421606437781850493294130031374e-43	2.5214096046712416022388665265536406490956433855994361488247326258518738248078038e-40	1.8497325459886227553816438207887963169150215254745480353010063023537915266133533e-44
86	821434.35849194267909838632110569986570233783374416321227913699824023380374140551	1.4755574016260831987478591636348833246943136961464710371935866639819705007412219e-42	4.5498553051005671484663717622330147941989024276395284037934496593015115485933034e-40	1.3909981005411356267895156088160517443539814134957989303232871269468206884280999e-44
87	988495.90466255841160691570959805668453553699504792896932677590014810353003290541	2.4555778653703705538662097456668958364424593528252346414794568480738861588087879e-42	7.6195470639398019063102257666575706538944854416942026115047193982203759573030959e-40	1.0399259181380348348012148909814383720123545433260732429016532608328487601414036e-44
88	1189534.0673703195557427520638919992846733394355958903593992873531650975232520875	3.9093214663043430669751403530409736706972429960076033487915005334358843026955552e-42	1.2179426513896407432478805742832963209300262538040722403861762219694095873021725e-39	7.7254060961089983696901687809328669444878080845253413893586803718907582091562198e-45
89	1431458.9375234788870462283135699839730808490035542254834351541512872187312244929	6.0449910930473709951505053898615138556564348309005522392336451413263994854908973e-42	1.8883587568327249475688334942276763580585678967452937898390130626021062121632305e-39	5.697720103339507791059559395303083274372189319359196545198365079966373176908574e-45
90	1722585.965398786483199666075101727778934180219497187220718330044804865252544552	9.1650294358472744677785648050451807125591920477503518971693400740714067026764892e-42	2.8682383745638396199819237684931603318036894982021868229847083049987771048340024e-39	4.1660500471370219406219199999091679095328786089353708872986724712378939266294773e-45
91	2072921.7795953712621415313919030594405849599942946413978997642125071021018220467	1.3708146018389275462929187770881312120924973844044731694170592917987029212115439e-41	4.2954510301520541184819384676422719616686655500648168905725293556671510028458622e-39	3.0132314533286660071290249733653950195253873211338697583948584655307486792724597e-45
92	2494508.135230316256849805043803690099310604064651873632742866201022093869390759	2.0310216238662311881200767803544919236496726071917177163783930849233276818298221e-41	6.369840466542442805179569078320584456143276798887218543905433810445718614933002e-39	2.1485917207726813840168246612439887047347975762414643764751213760993805317933537e-45
93	3001835.8135755893375907613206465405852222826937600873048774090252169914961425951	2.9892503151110781052088909973739652743981611595442022266776313583690318433801523e-41	9.3809527478731605713479125261088556404662711680770379051451329551123082977525358e-39	1.5025230051573046259075118411757787881989897828216460559473703697583450722001013e-45
94	3612342.6997094315327206966279895531927558821268046940075270859543623068665154613	4.3789439758963336936635175312645253402934033494231068450741148615127470644122699e-41	1.3748199031104046021160018920121342160399437477880424503008503328122522231245398e-38	1.0220495421576933728046646230035473629499456709974939766988718774924414326720763e-45
95	4347013.1581250242791502611465897550947841929882100091504410699766649341489373851	6.3933693840337486339958045041740931635385756785171819332821017266110754580174155e-41	2.0079023527369029329677073482163886316292200840489565601745762839298315496916171e-38	6.6728443674483211731207411610502463908526228660661472143400725649990918679241875e-46
96	5231099.3080562621716966842935866334870960876811545905578092415191395382554885781	9.3124179101540873195584163367174187698402514664570032355302606531590429701055177e-41	2.925314365563704888913714919832926303399445667669479151003159353720441258884576e-38	4.0866561004326301389846067333625530961474936313045605082082289277535183227101525e-46
97	6294988.9902218875266859839623773708119657792222159464463189896495196628171850758	1.354141767452497676127061067166581112236441346545578869546926636945977024888882e-40	4.2544544608067433941002280673591532409041957466746870295725120103839802400116377e-38	2.2487309253391266581272678843811304464428416587224645163550200862420067933959186e-46
98	7575250.2587719137876397694640499358957448049972090101504616644620207101807552868	1.9667338469744586508240526747653756483307908870154809852751170375584543460381591e-40	6.1798145815410953244592739519481984647053604198101411612282586719969831408316571e-38	1.0135635233311734002202003711144553093721150898027706255595929905937660453222395e-46
99	9115888.2997508221049584842995841425933191194586404532948892713513687863194384561	2.8540182640586848203131535511325999393350257502207391817398176557576534710654767e-40	8.9685638108843300310792129727571472291096052421886179787560415741189094586831406e-38	2.9442061850250628586073176213680651338549901998620982115341383730567659658931243e-47
100	10969857.978923836322137977188414253392918263133152357128650640552465728342619939	4.1390847024206481950998181299497767843114577140092590029897402265275903737723074e-40	1.3007596906771841229985414160987101814375468568857706492533851787329943305874641e-37	6.0577948206033191925786489404856890063725914515676832456375752867735483141237229e-48
101	13200884.008314178605312149466943008660977062749781217794468515781738309336998272	6.0001797462909308910924314764076152562410656136866969162152414156531207297973594e-40	1.8857185264992247405753558008854503904028790086320887718523149268108108681868283e-37	3.4215630250868341600879355540085254884751035331195215963863362188069908670754073e-47
102	15885651.294280527744738135551361771340499425620177113950766983640756227492701382	8.6954219198667965952548886248470409719339676848082098567446129895295202976713842e-40	2.7328670263603469320497842630884696623634773384921185048864191506491956183134364e-37	1.2459433087656295574730975138573160905220263818624319385641983864064230253000093e-46
103	19116440.753857022270103116780859446718117889570085730318155175278430933434495192	1.2598590849972886203944400370744666846154881211938851380544961623766830045578006e-39	3.9596973088564536617871906704394214709786921423034745526261238961141917954928085e-37	2.9892851941449429125456467530887751428538067751542089859626499550245186291049658e-46
104	23004301.197729179688256747668613197325164026056554417478428293150499985373375537	1.8250952260903688694804090950092911570132143920520867029340654601249717542941186e-39	5.7363523552453468525615793940954798446430917797134107002661795259002973333498289e-37	5.9664186268193274121904743103131829630557182905117162109912731953942582829182516e-46
105	27682866.303920657370583388837222470664923066365051490129703250307412656621206134	2.6436303422952469212660739678610870008858365973414039568767485910902436874574697e-39	8.3092202896328448670684877599903029334651227087831356894160805204887784169679035e-37	1.0876296586961841830499680744132411499595164543186148233629233594201373551986996e-45
106	33312947.879346731745095366279411983389729257144324436694432332459641740003257645	3.8289642408508563873858022180385569637503844038909525886389991562123379886584956e-39	1.2035102227212987464169862417225837292090594120488172841884657997998182824469322e-36	1.8970966281808511719397997633830741809592126862131244531328777756295668363931932e-45
107	40088063.288984650803282696372613687505074960684480327474071292760362282372517651	5.5454525166216926128730649914992440734791586974847337715306557408238093360274909e-39	1.7430692489566687928872850735741749702476802500882296185546839346278119540652754e-36	3.2545396989808118076619601945379687862961984209130984204559555387028094952218127e-45
108	48241087.041653703963004751424655453481573051272062948116990048071534154302793664	8.0310923008004430127279702952514805637014300721134681768283109584327650163157781e-39	2.5244234179483695455313511789488885018400180024181680245271010770901027153148652e-36	5.5917824242126973754427546120193052244713626749573639030806469542361772621735716e-45
109	58052255.160948989458738268317746909879164780783711790206660297322124266958049487	1.1630516519588748050885572233290557987637365264337806104074089509345003915145594e-38	3.6559289906657138650879212266546864742576576052256357514766307035599771343910533e-36	9.7416303647608901167065213364227979108354642030455657731631154629641948248293044e-45
110	69858797.467852474241907446422743060939899031564670228624071699831423268504612149	1.6842770212508868686853401408591915357252861867514979519794552530373399750285446e-38	5.2945024526039683054670799351794539063253047366749701371844080137727341312923101e-36	1.7344321906477600709100659042540361615820503314614685367461704252586395069197338e-44
111	84066528.856183250766153107379360450713443386299073207326934949074232575406829192	2.4390491775512923377471620184364702853925247374158990903611447770055388741196766e-38	7.6673854267169787020421345063236535554156841140194074300740443210265173538049698e-36	3.1685112533828647145988743300273617786530344270077684518026107949818753531873853e-44
112	101163797.97662072527969449115127832523341928784729483469823348668466880424919675	3.5320090193771829100570367546817253878179669760994534630562169379841567719471176e-38	1.1103667449263416948677178272844052734967897764397911485015533168931039444378965e-35	5.9429291499773722354460580570355289727998871461251479410077667758816443283964227e-44
113	121738272.77396613101343511036580361241954190147329664490844157206994838693040742	5.114680933387477996812201981765818019294531781963538340141441534723309014305132e-38	1.6079944348396499518994550955034377590728201466569162449522426298496674285632401e-35	1.1422950578641807196088921714371135856374387772608474988146261654284758295037628e-43
114	146497139.83072857969475982041520573191651365420033408573360233009054266468504613	7.4064801806177359389814654484867077116045035611738994190257964109612867090010594e-38	2.3286457271107304545042218033343738671406828057182490679474224242949161205565195e-35	2.2424543628306990681095646393219665651745848788105394919355952555864302935161031e-43
115	176291411.80959476887082248524638844963252801050159525603621082508989006249195581	1.0725136993307002733356616106728244420003351140040568887463902883080320945212029e-37	3.3722912400167662702038004755741958803630091972464859261804333007457433619565445e-35	4.478476464051079953311668591410195434553978844899039175087587492540059176554582e-43
116	212145178.49106300378592346194058417410369446624594297913701480030014342852786608	1.5530764146252505244873258158689607059775488487623073000192493777022132002096658e-37	4.8837328579475154021918264119854202672764724730640447707672909232910486907882665e-35	9.0645475733578345819795373156188652072997067638654686081283527738925816224341933e-43
117	255290806.82395173064000658587441255030432644172474443950280737476482554447716608	2.2489699291412022238740309523760599635285556952392674525993019350523863541763768e-37	7.0727292526565881005993267096759591095436824135232882203879767899660313500564357e-35	1.8532576327277237208405116644224261832155870888983765069763605632566247956667768e-42
118	307211299.88617575743426614554376251028671995718864713649313012534170903954172376	3.2567024844435743689054861582512829744057107935742820481226650406921753495568504e-37	1.0243179335918716054663173632080608774747643127104234234356369399461087838853294e-34	3.8171389315551210373384809541689371731669822419979993701406760546022384225087082e-42
119	369691270.71950272522093736993557024879850546286528922438266839065346625596241223	4.7160711570866945318058405533573856478894685302559925413954244479997103645574924e-37	1.4835465823621306339301531326394922058016637179271943734131849519261304759134804e-34	7.9041919883374935039620649198364674608705762216852190817434424324502692254060852e-42
120	444878283.11275850412311249128648119917924069776753203658497289221777437481626468	6.8296252668112770201707116569764111810429373421642682282144690420503553569736606e-37	2.1487946713023397674974746522140767859561918060773171509313696060581255875461384e-34	1.642960413263782346124061878941428793251778980932855763869509084590615962035467e-41
121	535356667.74107250902541012914990723021421667216228938814439310436795074826583624	9.8909370736950608725878901351648703399725057031158538265348058679027860927736294e-37	3.1126365046201767492778640529249521050720728150412739699768084380127465430479472e-34	3.4242143246809565628450748655163348931419085346917210663120019201353755368660299e-41
122	644236350.87213726545841663002408673783886936332017889728219817782044472650928117	1.4325730676737351375545261876442868412567168790093011540734069118280179101211424e-36	4.5094085813342076045693415716174252515571031388722817298030958638648150685556817e-34	7.1500795635234297216425502545674079548270005666252757368930677535590050515909115e-41
123	775259748.86294611274575459721639263171082471383093405585739583989784278620324186	2.0751857459161583366763883608744405844211621532288694756065081771118446910592633e-36	6.5342290428045337677555389990762179928407200242830262906046146794688354114026727e-34	1.4949624184247889127135924725344949081464855869470130675536072406723292758354436e-40
124	932930402.62846842830736035043018914839693433431324433726806741770893819976413213	3.0067051868539590826111524610299259912276554327007195608794204943705453199609552e-36	9.4708748135353861537826551247711855029161237959840073713212195450934789338299228e-34	3.1285693309541570114607845715783081567717298571016401652542964429803380547700398e-40
125	1122667773.5108135915616664724778681752139261089338573278565726186004555145855095	4.3577964175922428141167076757527148035840979591181195482472987552869130126345688e-36	1.373285300639994345041663576061054145215500158054675011147999592518281950422851e-33	6.551431520841661540474933796593811854512197112569926067517343557029781445655758e-40
126	1350993521.1980268050622660295632981898709486916810822175116261241650314466532864	6.3191205820301202445873857512397943317661847296919523535369718395131045646045166e-36	1.9924349425330087591880548232210984923394312822774669744162713779243561828585294e-33	1.3725151114623209290598172418798112201497263592957483496632427569894110186890408e-39
127	1625755666.4437941529013964929847793763010541301521815156296060564226363105272038	9.1698963015486677214656208586781084370200890016645222378678278709586975306393302e-36	2.8931576768216142110688622261996608593443432264589727892098126710323376509161868e-33	2.876271893628629016336914574599419391860914658151759424421682238263637702717045e-39
128	1956398343.5170641059169008411141078629673078133739353727492308879326199385185978	1.3321167816423531487860038798785324350656001061504247769502648529438441700043078e-35	4.2061532712977947842173962124843396703139827275601644199641177959658312541724847e-33	6.0288427876727077850296165620190785136143493755058526084616224978182447930210519e-39
129	2354286414.3224175141315942610429263255963894715502954221564899692433944929968387	1.9382514787480975978139116101107219680436636679363158387813821294643022995777699e-35	6.1256517151224571870885342830986803495311505128128157566461683026162739292567254e-33	1.2638660427415064177238759817462240309388127414224883703103321582156811442007674e-38
130	2833096101.839324364803490585485980226138624815411594413372272307230882092854861	2.8267243710957410853311717294713099980823631753712178716866251842108457009410889e-35	8.9433255523612428393877640262916918079381165481138709644546381054066695746976979e-33	2.6497915859271857657510221612608450268447616209814656157446760839083045858540819e-38
131	3409285069.7468121036138642432413716853438582044706641118079260863810811790946677	4.1362882591160534409738146831494639088019549942190663481160782578758314856749066e-35	1.3103370883183819844307392399185364485256945467793313598675122278888320140101148e-32	5.5558754648304968635714482330796751453874858981411741992699613574168764857333966e-38
132	4102658105.827192538738693740792895666070612547006345535730131257912612123771478	6.081644255200507117202402655889203869534079844913350910542453348696013587528998e-35	1.9294794881937363703002218360918629980672253569249101036786521429087889176323443e-32	1.1649682571899974327561292160596282014767528889097551277833368548961833816642168e-37
133	4937047852.8390024401232894159424695101827789829165507446848945400148363399592537	9.0028438222902686206686007378743775780071607959990085648663071874047553340857057e-35	2.8611322364001984818666147325909342651771888987508484559665986165966731336101007e-32	2.4428120380196098552145234289587107723508430917391197964185137764077079360071472e-37
134	5941133984.9650334414987417054595629673535402444385515901448330633309390277096371	1.345388236594426811428790326312022389336204454862152772553116744524458686004341e-34	4.2838035719747716894723350640803060409246190673023102631734284689425910419363257e-32	5.1224288667128188108109895395700298117494490571965436855353730882938539620110711e-37
135	7149428986.5975781191713362712903318451377933422217923809134687869774863287239614	2.0366899455934165150668326666708889001752397275790303186482335132456958136814926e-34	6.4981962591841822939098293525452526077297253168430720676908251015774732873638684e-32	1.0741592576065833445137538753133873433806419625683857712493329910134485019845803e-36
136	8603464416.6845037734664757025653264519160224961884051742031033554356134636174403	3.1365508185266427564585310157057656328131931837523397182010530642809864468901271e-34	1.0028263939766060991042397115620428383141577458652499433402038467791576615260231e-31	2.2525070003282542525433309004317338299040881653260523681709122973000040247342687e-36
137	10353218432.956622135082133825331397001869248421077334286381830421722648938130162	4.9377398246681536908269645224124301762324046901946731087043610727451153244597881e-34	1.5818345680583675554855402630564923040309709172197207206164250039284428387712087e-31	4.7235323312694011656542127685103919372992103873042041336592583730842095919084274e-36
138	12458833642.950079219123233038437671345158475887490417559636867960389018073741712	7.9855367381779679712397497741133044240246479431053783366487824029286367382746769e-34	2.5625156216066416217784700203059175696700213475071947034708152683768037652247413e-31	9.9053515376799025287641246608606538396406397224298319950112566207995699273779791e-36
139	14992684327.860456402290613360771905771263311889583836364586190890806921747364784	1.332470718582834060122519147604253975908646148552782127468177172864568732649163e-33	4.2808804834094923110248029985794338325631393681205488520499986986380644631889874e-31	2.0771815341515940582858813607712052218141189739758656906847395131288435241766244e-35
140	18041864093.920722503956463091757393469371882423560792413930667760381447842881752	2.3004502020977656119470221464451944372973311289475563143791312728733964809463664e-33	7.3946705420952763617660584856867420779598389750391513765334471439150016682383964e-31	4.3559219549884729274168280903125536933437662156141640227417999955843995913279948e-35
141	21711179456.945041156827476159290202592810479158836152272742135629612867610448076	4.1119359925093021318446378526580524990255908748239551997475984376632911351900219e-33	1.3215301434617327680474540356951552258202020598534490414283712419977524382841184e-30	9.1345355490311306218889350370236122118955311838331753068267149056519123047510569e-35
142	26126752255.633282886087340926902547568055230695226522972134428094141106736837681	7.5965504881301926572044652140704065425931423098436251570564153353216157224514828e-33	2.4394551647088923712371707490355110395149739856346770839885600431023227188653536e-30	1.915549434084942603702634050426916354936104792461288450868637829691491667512515e-34
143	31440354715.9149973163888728331902639203750624503503777786093891405932318355812	1.4452728861156174598346066816022936806005775365109623487765985858642433947739075e-32	4.635095067571701960541134944743963828336856782296107522116247367712347280543291e-30	4.0169887248240719556407717051885643481853693137639710443145407687352024870472021e-34
144	37834626171.319294364055927131035192674236313689321851472051054128643649242721461	2.8183505482978775578310101709141129192534536098061109198601310250672577664461997e-32	9.0241246092903650895513584524057113223001641261315714497037011549254869526816258e-30	8.4238011443501947960820767818429888043157167673450796707783723744661721776753001e-34
145	45529350748.669492334455934903211725710766833807938759751015538069026164096074357	5.6052003337240590679841549519649636378241095387321600440227936935473845945105878e-32	1.7916313316035848111494232515461800336752538677352827435162133485766277222262644e-29	1.7665086515238468660155655678452474295522990573961985901860537801923491484992542e-33
146	54789011795.939423911769412881418592846370743983759836951098661654315349083677185	1.131728449753576341611934856739960810672653947059679212152485692974793120332104e-31	3.6112129414006518497642916566564646966785012604861065648693102035427128395831778e-29	3.7044483858587747448379278917387233186450654034650851444273070975069850420295784e-33
147	65931882713.335467735493820858731206839191239456947881979362548508030643485216611	2.3107963380095272921002548672363672036569306690663306408486925625221047502454031e-31	7.3615788437745467850608924830207663740947227955750420179339992147369823043891058e-29	7.7683969340581414783930670065658837007593590292363802857632470913194837676538675e-33
148	79340966657.974917357037171008086010476415421993964362293652975833783269534779961	4.7567537562903529560768608514942939363460233691304491949174359013991160187848648e-31	1.5131596996388485933859040001761265159165866446101988965032738048283672037761732e-28	1.6290684166938768878058413829351613694827233227613340442777853115913724305597779e-32
149	95477161142.080581369462759252443704688264319675410332615789882119838361784962545	9.8485562905318267311953241479764760907916458903599105464365181394630897236442418e-31	3.1288598971711663152457770888734316494192795420328659857090143106605875398511315e-28	3.4162313845809735450595045149636836985791773763662495748065041562120141565701785e-32
150	114895100018.73090586526885233752111955645020489332995289461507368903876174988901	2.0473834237130926070200838911059941803292411203982404462202209895136347574951974e-30	6.4972083879200532117307551314641460486106575482344778961773763162086939267502003e-28	7.1639947515832777437438302328682337921251749152210763529661395527403379403315909e-32
151	138262217376.46558614193485423305802536287569634244537435556058337995010920858845	4.268271351887081564382323826434420561714011029059098975494094306923438734236502e-30	1.3532050054292979896626009216918025355697145094848183429412501965041220790286929e-27	1.5023227993745074684525356770986320204787402743389758455278397764325073900971201e-31
152	166381688607.61287925324443698036248650165782585944435045813901339271003302317123	8.9155813902701614590135492177268793714580086493081304470424043000354732024697063e-30	2.8242824472714787630614312205026666356465590024085952592244568398488248464510344e-27	3.1504404144257711884576249717702034149921307406762704683476203950536616934600656e-31
153	200220037181.55845653529477480102344997331964123376824436992298519541538513801412	1.8647691438283805675058441144681934719974095825315815918641735220156902110675972e-29	5.9031748042258007632636922333976397653573096860531360439637146880865164643806073e-27	6.606619435676619352556661140838442662082881589668754927243859798661924427058724e-31
154	240940356023.95251183692229933961126673310630961197836646318548980933430409664624	3.9038478372958399989152466862628671763259693340604096068360763841891916623725344e-29	1.2351031414131663477897261721636878390045170027226527382382991435382872360015455e-26	1.385438708063458765962287545151141505074055690707018641502531874676191919581825e-30
155	289942285388.28766493198085377755475823892063393544479099094069220647116095002971	8.1775897120450560679366012373209196836528963129163004797057572798947916449916887e-29	2.585985638220228400722319824461977166513313292652708966828310588016821896250107e-26	2.9053291943975376830434477336303548844233135589462266363682961298130935715216936e-30
156	348910121340.67726269450078957266148355768909640437649906758526981996156964602198	1.7137000560962942173662599539635505166016172520807172376476355975815323201550117e-28	5.4170205630915839039893473867572600368041662009830442910805306969422407020891282e-26	6.0926100410092974312949306641945252769167434816744052734610491988630069308860857e-30
157	419870708444.39097270074285418890911169654668940588088744442174122272455268771761	3.5922095677123813943515860232064964528030025710070793797414900481213838795972921e-28	0.00000000000000000000000011351185453761249397003984949461680364618872911176075611348558475770729836134926	1.2776485829542992947997992919360329107791627431657262091078987179992558986897178e-29
158	505263106533.5680440076617510721735570753098326764250531100057472346713427490235	7.5312211814326625831740535047068415085845043887625214878578172448569124950507074e-28	0.0000000000000000000000002379157350873307226964792410689538075969274903278817677754836235329896442802997	2.6792883439469296423789455296463443204971619800152116062782904758193563277318826e-29
159	608022426164.94231184305971939547924687201589545883408887481467369405107395610395	1.5791331021162688953986972274372638447209712665821364227641996688272965745491901e-27	0.0000000000000000000000004987409958310849951575807617435900615019574043901688739414706076941359159869195	5.6185919520749790039207189603255622404889098388205531986504343448473095423917814e-29
160	731680714342.71964759477955319074963607401511842170255565440441045957803410642909	3.3113371666542360689899394764962403805166462433631747980188114869983057763650449e-27	0.0000000000000000000000010456234240381527430485511273360928580970461446189073966804512910861795683870244	1.1782447993381080872012668962508467088961831274568980448468798151460192585932725e-28
161	880488358164.3462665287988406852039522183620955553042594085167194496744618784358	6.9439610219257982438111907335416225548929361696408584876160988776368351596674808e-27	0.000000000000000000000002192345134747330623305598834725759093411512218685192547643541039048737088928193	2.4708340104879059214839797906082992594810041927677663110779334359303613264247714e-28
162	1059560179277.6159212777455053503746225601944720297811499700415612954403392756233	1.4562045505281294419447052899039915694058265723011974793464540841440434976341735e-26	0.0000000000000000000000045969057744707506654780023579773117211406176775801018118645989919592859302708406	5.1814535614707355573347321594299403845258096297973874946556997463674891212073534e-28
163	1275051240713.0131305127034615100071885471911650588929439217964272490741852310966	3.0538209673934274404362791332450349386552376268524854089900393984643235759641866e-26	0.000000000000000000000009639138000523153899460222591900867991434809351897583140018451190111487587542608	1.0865748532358475321380756761235692801753271668659288903649563869127350803114932e-27
164	1534368408930.0123211565339213957415934579500952898379951202077940799243986151939	6.4042394549869173344094524943032441204117255571623085991247387162740191677204794e-26	0.000000000000000000000020212581506584241228440640163704225706108223396940693648935585700995632180358906	2.2785978839493551618840225091638939502135742821949912192683209490650499696327365e-27
165	1846424942895.543778570736395496714305456901356116712192143424771401472209938192	0.00000000000000000000000013430504405192159492122156670924243122209416734081021304005715070044756395418252	0.000000000000000000000042385075054369757651460984567245050364540535419025768704226162619354766385607798	4.7783254899801725710684678853619084363996284082918057086271746085904850332977249e-27
166	2221946860939.523558011775515613222945739170551651352403181338416504522052968972	0.00000000000000000000000028165447379142101824597619471053596785793655426404061138135412487344968010718947	0.000000000000000000000088881088484565752833811321027785649697713091509846731959039972377801537239222813	1.0020370269294133831938322590755287190180919349724417782146004192076218568127979e-26
167	2673841615839.9468892000593488057958640172075781079037829459256914891857859122356	0.00000000000000000000000059066316002714569775582254871217156122309266299111005880976153898946079391392976	0.00000000000000000000018638432514971959229957385872350974426896519809312899468396310749781502294908889	2.1013181407569379841883393513928041872690587524474237750448697822641256014941426e-26
168	3217641750250.7363716018517439499495424235715165588190367834173861745422190393595	0.0000000000000000000000012386873130854311158516350823611910116480583208500000628614593458690075281043664	0.00000000000000000000039085160462749710432447577019278757722338465923902941974127490791880831293163099	4.4065616442930176524007448387964255700046563825884827939258464972651683733554117e-26
169	3872038781812.5551933399356387474422851148276196226358525025506887295950347943734	0.0000000000000000000000025976579031791860860265621776986810380163787154359752787839027668957177824005306	0.00000000000000000000081962676614241184889162678004719114119996565799783889391594148326592205817501951	9.2407642371764506354444913324358862608580682323079753146364202973039199135772597e-26
170	4659525668664.6808466927491911532927990136575603820022910897453682125691098746399	0.0000000000000000000000054475434287815098306939609038018005707438884241240781213208908329836507394117001	0.0000000000000000000017187849867805007128600354566536322499278813336268616723479475805827494097989192	0.00000000000000000000000019378311387287890667263874242324414659654756671216568433939678679172893313890504
171	5607169938205.4577886726660441608326033341093359907348256898825070109439563985243	0.000000000000000000000011423995220237600832020449318457090727809085616055664737112611558093636148577608	0.0000000000000000000036043569027449275547445377823796967941154574768861300630690775090850715814443072	0.00000000000000000000000040637218155840446957445817991345791532569838450008498954843957084574723577578029
172	6747544053110.6940179797357254538274042083653150930535288624839914260387141202873	0.000000000000000000000023957087377559454865897577439882785502715737313164777742155555327246888877398024	0.0000000000000000000075584820895910028191698296211903925193896309151081277073166839404947363748177217	0.00000000000000000000000085218132089659803747134773368112307487233190375336910898440972697717835745887202
173	8119844993184.0119909330860576148469275166288012831542049021688945231508677315673	0.000000000000000000000050239910174685303524575505372805678088852528922556952210278396728631394700739609	0.000000000000000000015850456574805148135885242506311084528135762534726719472408678862113295276427628	0.0000000000000000000000017870637722042294415809294027470811067395426039246638728994667005648586451154297
174	9771241535346.4976850734812281294417573919537383519214345808194316878483984475666	0.00000000000000000000010535682311181907744042076415089556880219640121895356561878208983876085553593745	0.000000000000000000033239098181041336911132144376720688905274062700252039261793411625547377937146225	0.0000000000000000000000037475556523512887521883344104435477339843656112126337876240750773208511196776846
175	11758495540521.567342520028788490513826935223356972449805621067235067885594491468	0.00000000000000000000022094063043080163354401320277799434884782680165826678518734527621122383087015129	0.000000000000000000069703866932834669867159269657558344554271051913447738570907713263244725944888275	0.0000000000000000000000078587980943950047197576121916820304462456591749515283516535546569582095824123506
176	14149912974345.759436017547100336967688204505653286514032792514973013115213194659	0.00000000000000000000046332714506852184619731679314134305632920284343043966919661393773626355212327626	0.00000000000000000014617215107268611003918275248205164121515449772078305207861141993934677557843923	0.00000000000000000000001648026426238609362407071533033251584751816858601091675555266649608078827986483
177	17027691722258.999863044201665765212607340494710574084516360685456083585007490141	0.00000000000000000000097162626552983551269566287623033583284314598056513973958042864935227576794133449	0.00000000000000000030652965131561107399374424971222088491663788869973850217126258411659033239266023	0.000000000000000000000034559878864003744484613949841999146306359685486135220835261653340034829287878761
178	20490746898158.470316603042483875417276998389300184080238940555937499371747147553	0.0000000000000000000020375589894413866014322025885049772705934891346023966282895878069917537119074958	0.00000000000000000064280671356753033353459546082261508445796051299150515028689632824546779503259642	0.000000000000000000000072473669601485683750817192575731077151393514160707062765131563922914582234053248
179	24658110758226.030643393718621557954729592370921884300253927350486329713540049441	0.0000000000000000000042728796825005335792009812993233579997922501889689659695236204239600106215804969	0.0000000000000000013479952368562050480213620629339534413422265803650217075583357787005649359948804	0.00000000000000000000015198064802780891697847628344948167484762971664919951454332164648245345193861448
180	29673024081888.69223141936806496501991253613327688603360903267183669144372537451	0.0000000000000000000089604689505271274614306064505414121724927518887120413959033788571350266923224134	0.0000000000000000028268081794845379861894584175594932678316959152275332103133205513858033426054925	0.00000000000000000000031871047101644479084547896565603542170376175569224816968238667915236257139650689
181	35707859649004.631015621692437325137815456402756654410499766140746632647289735564	0.000000000000000000018790592739547451393931463454974230563550257778108902539749531818608469338256643	0.0000000000000000059279473822170207837387915078261741670535573731793161237289713086337270556464995	0.00000000000000000000066835064630743933251441878257922709420785333444199599268416781326191839655274259
182	42970047043208.409531222641451600724330801534405323364928271379245249320273570699	0.000000000000000000039404873674315015106562439388535073680982661805403120595515044737285951171087727	0.000000000000000012431179970500414306556224714372777058803485558718348323348297767955226561739446	0.000000000000000000001401562317658512172230315074683927812383069109788500939904668327660371572146422
183	51709202428967.582067761100661971546671485796263605482263391030995924262510240192	0.000000000000000000082634073810252211769725906704290364910004347009253295196575037117633852635883284	0.000000000000000026068760170726912643962412512153857321898520020417347724348937010261226202691355	0.0000000000000000000029391412144719735062179229812323230043467040285285944094441674177315654000965492
184	62225708367302.297777222218880339779602582518798654941067287292510540379811578994	0.00000000000000000017328788090377884381685838423912354812925442360270524685588586014485547905803396	0.000000000000000054667398255029073602216510455116294961341691202804332685381888789570632552492543	0.0000000000000000000061635155067827573086141772423524423854228419263735661086206585561583650184107283
185	74881038575900.226282998343394706525609139234741152722313731110474980127229769973	0.00000000000000000036339341504367562799322433671708114188574305072073722898235424598168427698000261	0.00000000000000011464006881161843027869580863403401664204503170684340154398107918845725113589069	0.000000000000000000012925178012988255709477607967790745998904077059593915761475120464980860458771212
186	90110182516650.203436530920260520950896578258630336995297681885143418814625362117	0.0000000000000000007620540547708781770023695825340057918661770804084195030722954794166407159054987	0.00000000000000024040554112088287759278784499414290410681404751812772691050347206067992852700648	0.00000000000000000002710469803858217620318251681981326464259602241668323250686083581871245468583713
187	108436596868961.02210469042596681212093979020090322870939857533943028565845694926	0.0000000000000000015980648106252669065275287256996088281483325747238426803935880051969602618998151	0.00000000000000050414157144884396569676134861342136683135911586265209794475053824799851636454518	0.000000000000000000056839809480733751857941238878955753948849670816937694249771500387728139759886743
188	130490197801440.24236831269240242399898570830212795163138991690340763391585573047	0.000000000000000003351219720653944108080423359007410610889553241338145831884594433038592155356875	0.0000000000000010572082638936443418562124626901136812336853980341955269023594621525646363307948	0.00000000000000000011919571792342484758254001419198922945772336875487523935081982990051436767483375
189	157029012472937.72191511855723608559380118126750203536854047298579524072993964964	0.000000000000000007027669641822649348200124421367003608896911342646978720105951034138213854479792	0.0000000000000022170147802435469568280807725750885109982778844906850130316929874631647929176214	0.00000000000000000024995895132438071833185034743606102554795859726015517628201256836195701720266942
190	188965233969120.97337086931597100706874099621471518905935582123167568151399709201	0.000000000000000014737360472777736352141448368152847390329112379251451162955749946835817388282218	0.0000000000000046491828614012664532746549348493578058664153831596607044173882570557878653111197	0.00000000000000000052417551935319372313246151698733000278136304570012961693133548139567761144486748
191	227396575235792.81484816305858597791396470249334782259562153966592614337039479782	0.000000000000000030904948174874865056263868971744402704488131623321168505632687503560789812964663	0.000000000000009749552184666035690317690531377629857796177032723705620759761153210538619528354	0.0000000000000000010992203865211362087056115348556569371988983986175570697907495347607647329851239
192	273643999707467.04878861370220115041727998882154851165894814204502953218875771683	0.000000000000000064809144236882478809141537003631420437384766177897463377168642342752339539510604	0.000000000000020445263323924407266560123379624025946834601616610872173826570924080995251752471	0.0000000000000000023051161558149177888287026173737688919611362339284182996927150702297435755438762
193	329297125509715.04358697483360648907349548208060471763415145132581593824568852732	0.00000000000000013590784177574087493871907300563089531321216870185923858969457314008586337094342	0.000000000000042874665889235530031757437036823699477797727821161689865287615926702271259929444	0.0000000000000000048339355391830998097149392969898949264456968510392293730269897633375261710272833
194	396268863870147.79175062434535463070217989638693582646554188026141014555509941253	0.00000000000000028500515351326128701339119245443423409948267162784557778086392116314586093454674	0.000000000000089910163846863191500556192817433613598007132659298083149560589429341548582563034	0.000000000000000010136987126671347079309181458945801635726243299662471857477037331226720222597327
195	476861169771447.01758367806799469786114872013482280287450884776600445633304196919	0.00000000000000059766921110651247438610943276126349420253351659955433389358660997207787439152864	0.00000000000018854578562250316162155012482620905976492420297431708293129055661119462145379263	0.000000000000000021257732374244284348982583738876337583016072773408982223309059708383317955348771
196	573844164830239.46802539692582757972347261388030448448284875469122973934296312654	0.0000000000000012533403813660317015210956034419976751965626132449538133744400695490702254146551	0.00000000000039538926140511622468238160542796649101634860906191247628150713482652259395268134	0.000000000000000044578451175698266504708160518542984031489452193627644907718772837362920162658166
197	690551352016232.76351460576488986205405627772770803684077095753927756749326215747	0.0000000000000026283134820292490756254374552376489292154603340346400885375922763322274009788627	0.00000000000082914962811364421776162482028946058122702394564009322084265626753081011721754773	0.000000000000000093483080614556168531875109791503338429771045121214080486162029791419135509999421
198	830994194935339.34284006927648002881278618709978460504918090001834476358936508053	0.0000000000000055116962801283362422566163234679852214582986041441463488212268503640769122350451	0.0000000000017387652444936701643322904451236224458514514661296585469596517182880410343559773	0.00000000000000019603835778735551241994204457081354272153357051669687657014804328093072244956983
199	1000000000000000.0	0.00000000000001155828450714481985373943265590771354989129561016597831976569581863185131281084	0.0000000000036462714000291402934794895945629236521909179716131042091354796740056225371509064	0.00000000000000041110153271927439459643928325895509809114463201955832099982631488621813044451574
