	tb	Whl2l3	Whl1l3	Whl1l2
0	0.01	0.0000000000000000000067950406234059956243935102530284023617485667216243347646620335189524819746693106	0.0000000000000000021276191627174720283182566627067566183084634979127427744400610404329863699574049	0.00000000000000000000025908088060989793063371227573211652082213250785534751628036546161554370721717647
1	0.013738237958832628959306640160922710114013528181478819177613092599958307411861814	0.0000000000000000000036033921664528117413680160213365104942302552735617496496450547541553812514663857	0.0000000000000000011283756465611462306833522637460096048745994231757821363675576919187533533369585	0.00000000000000000000013739762920796176346355712200538837718300576576851023118881915003173943568866488
2	0.018873918221350971931204631342434726742218968656826046851596965677581191347291115	0.0000000000000000000019102017434045340071367232938561834509850209635152466214526519552883289853898378	0.00000000000000000059819899067380404369951913023635997859493119149403502724294944975115053066151841	0.000000000000000000000072838604696109021034545229025894713748931608471734680310196920507417882680653097
3	0.025929437974046673951215012362738752356098537488479576683747404108015213145184266	0.0000000000000000000010124160556071275035682930434534303401181737280014417779531309335300751000686806	0.00000000000000000031705925304553463553180089146543682590758431634811833753200478270538853535751435	0.000000000000000000000038605613062040726812954866015934962166834030403562750483649552050240351117152702
4	0.035622478902624423589596848124362646760208187556644854310565683345863025258945991	0.00000000000000000000053652102544651162498757030629530778191331725714019542711420597406773957004433885	0.00000000000000000016802643971361743922598521578048806259682618026445089791227727614542342803100011	0.000000000000000000000020458976325214333394912085650851116247670189083265289860347522294891517341369631
5	0.048939009184774934951308495166382768440101385537673004792083951793588583641605928	0.0000000000000000000002843039432672510755738302503788210410926349536901147732257296392550043947247599	0.000000000000000000089038923461174785070212980395422524708995860759975461118885165950770297174868828	0.000000000000000000000010841359512041010751961698025128379404629506165065383301954044166672150204357971
6	0.067233575364993368332206450845227735732121873270195970257640915340179069214693141	0.0000000000000000000001506466111689411434911074584574600872365323920407769186218814213182252481795683	0.000000000000000000047180272855398259921067816208276700720803173608929570334761507333312857890293748	0.0000000000000000000000057446382512318342345460103440857898028692365838381079526870925125343911840109139
7	0.092367085718738621912641280458004821038467316871551007576137747161105114162590831	0.000000000000000000000079822127832560810934980710169177902026358179047905947128803770574223568984121465	0.000000000000000000024999258277476984520390255494726841237424333522771094502520286631871602466187687	0.0000000000000000000000030438852499261686128776153458350902111521596039143830829239134647689454167618266
8	0.12689610031679221578970395628108583258419507408671325523457316446583446065123673	0.000000000000000000000042294024955716847054831031603705190761512499814017341702409253765233431372924896	0.000000000000000000013245998901830186672604560658892252370698005628534257851368528224726171189648761	0.0000000000000000000000016128171223330699096268748624962554505306064250931895338736569008934012894644395
9	0.17433288221999880117078795512374760016284128083952683619494148122160882999011503	0.000000000000000000000022409347891189384814526960571175495447617228265182281775201819969448691602375513	0.0000000000000000000070183691867765019016642825210992779082025821910014417645011098943475109240304004	0.00000000000000000000000085454730425735571771848446055910903967276654427595767260809004930140605025538133
10	0.23950266199874854432547785997084113252733184257230380782737663195513291327526143	0.000000000000000000000011873414438489655981827672239373004680488737020014517632986582647205458835776662	0.0000000000000000000037186346465485438413976085274681787448342387571087548424258710732079994150493898	0.00000000000000000000000045277564354590530441134672646608453915849577651635628076127092520790822261545325
11	0.32903445623126682523607134369212201097909084103455092925569743072476969011836073	0.0000000000000000000000062909952153202911733420530880882909927485990110948238758590806414571436034691075	0.0000000000000000000019702795518524073323827523999850918464822006338450288852334253436913391773805963	0.00000000000000000000000023989829066578884749641444638057317930934904943718634455863281588380857841636894
12	0.45203536563602431417522135832625915658649537182493604573683842416465698556271242	0.0000000000000000000000033331980951255279292053822862039387009628479052592629907035372812371083517487955	0.0000000000000000000010439267465137114992541612182105923948928204107033175536320321507681715810117418	0.00000000000000000000000012710691204936892097999111956734565185721786491851406612278579184691181322585322
13	0.62101694189156157812722630228819229975661586105626320239272156195051287742498604	0.0000000000000000000000017660435062659680399715251779470541234742417947795097904271410950189331997846103	0.0000000000000000000005531087702992667483148854148524449459436406181327159206891687848155511561448311	6.7345656419454400580262311092370768513922050209668216239816912093610143830265354e-26
14	0.85316785241728082825608060820294530715751716194991590081026278704584917856620063	0.0000000000000000000000009357082315625257320346602316507706448110169903347189920715386330918923727769061	0.00000000000000000000029305539090421073439338509207707276861372864667151398582773598852577376731462584	3.5681960944055712154980964873532084965515932341090904314372040827505301444190733e-26
15	1.1721022975334801790965447253122265554735479827991093099677316207244668635442309	0.00000000000000000000000049576791229947288856767430528864959392665531530867230173005061553148909348809645	0.00000000000000000000015527004637455986242052963652991492131690039820336831158300109300831114452250165	1.8905435228234608041759127461565623458603225650592410012402962116508975550950913e-26
16	1.6102620275609393488501012398230948473103578666561734852776179305518737939847812	0.0000000000000000000000002626729219271797058685761798389416143628883635558966734821181292343843342357767	0.000000000000000000000082266773340763720780145323004120269707197054175616563478504055687687655152656064	1.0016673180821631613328299536449696278082930216193195492386599978259571573272687e-26
17	2.2122162910704489916727329751434716389435985722791442906308234594477970470511248	0.00000000000000000000000013917172877825709976258938215312573268499035523317543226950835431322979956521831	0.000000000000000000000043587297960152151336676575558519502131933966616916227568790987278390528077592843	5.3071220996046234779726770070443405374169837196805989919530346910428567637751442e-27
18	3.0391953823131974137696349371803063288044662534908382967664606460234330724345705	7.3736979404479857575421875283058613961207275876373825831965296243646001025447751e-26	0.000000000000000000000023093719564787166330180239964471782148403756933359743066467420664724451415024821	2.8118566058846177048723739200981571571299094109974584751675074084158289514554877e-27
19	4.1753189365604012642502414497470009642797121713815425416076323801834927118566092	3.9067705262669151645551039424678009875055524546096845386919211181200345871460588e-26	0.000000000000000000000012235617193882380685397347179537763129928972572029400669901112925041091182891493	1.4897911334616056261540586673110190314913748566512160902588553809884722001010589e-27
20	5.7361525104486790069155449911464680903262027517365598128824908404309662067405704	2.0698942394723583982726559474340333753770815329724607806227464054347679468816219e-26	0.0000000000000000000000064826910540415096000167284942683496891878069262663188634217214729049291884020593	7.8932370550414276043698688257926095878071382835481305368622381076731793527965148e-28
21	7.8804628156699120238963939650959616422435469520830615419619134906715500088770656	1.0966683838828787272408901576094362397919483337677809855528007294882707981132488e-26	0.0000000000000000000000034346410586228202714490919201021230903015329108316483473715676381265337471383275	4.1819768196849651792129220657659312895821650216482009052436319972094903846212482e-28
22	10.826367338740544411827995675262436005031371380487483959158871306356671459556424	5.8102967264471889673909950478096581944166763590523962548380324108106151863822334e-27	0.0000000000000000000000018197124652538575527481009887597956341762688446789125326132421258348620117313927	2.2156626954817120615419849086821865672139224336856767022490469453355837083559781e-28
23	14.873521072935113812248709324062362464042979732199789914551044510409996351888189	3.0783330546177503509447171981994293039067126520746813913731933192560874735791244e-27	0.00000000000000000000000096409068478460797065026777522147099827952678397669720451002668235887995316018056	1.1738689118221739863847773911158366958466539750441150826303885085924421519602591e-28
24	20.433597178569419141866864955567337835025403986937927319136241947417341841092917	1.630891660876486325554906887001356161020538355742822683588567052312158129930686e-27	0.00000000000000000000000051076883800480417445012830036770428423451541211579289069469510885597679334739389	6.219095871555513768113611424086335340694965259599072803372271320560279662176354e-29
25	28.072162039411770294649050521142882719381657537648977826621751978649099364585091	8.6402031200771043652021549181320395449475444186689136882801026925384447912289238e-28	0.00000000000000000000000027059458752133426038656650373083172218968038683364555406925851393742180828600479	3.2947579651816144056183526424064331697738483542909357866563323415576985234738704e-29
26	38.566204211634716971828722171621921450773526016132459693675945886415091685960633	4.5772873156771402919998171671175775909259032365800111431193750699155271700324985e-28	0.00000000000000000000000014334998486560492269481322571309200674008477345024885660807483328489546243603864	1.7454369085074509097895832771569657243246234137087164819365294732680324156629482e-29
27	52.983169062837087241010494475895962312695181866772851224911213056749946581345585	2.4247800959468092088965629647752091774352907700839768931459168124190312235545128e-28	7.5937104780507813396829509434826270415369972887675320792440911584316794188463538e-26	9.2462011266553502443056699554264331966231139854917983715056410714063239960569047e-30
28	72.789538439831508002216568650880149607903278294428831621169021730222263719965894	1.2844260030517166979047666254956013081994398853656462146143398595831590545915003e-28	4.0223517425179846949364023876871722900947078714740377267341241203820566981741721e-26	4.8977097232127539189344479716544384237115497858101360694909582929039545650004441e-30
29	100.0	6.8031215792831106023656379365079648340942945655960068756686736597925122597371008e-29	2.1304162135293151461631521286077043498624075664051032395303877075252092892179522e-26	2.5940733392385818446634115497481307331422426168447887932377778937870414745309629e-30
