	tb	Whl2l3	Whl1l3	Whl1l2
0	0.01	0.0000000000000000000013051754133663056799961357482946124976960439440746220378907277554078957770087511	0.00000000000000000040853682185707021445161448748024694254210613258689309252026634276841951098296701	0.000000000000000000000049753964330304713488263934985237459876506166842654232298136287457570307518719044
1	0.013738237958832628959306640160922710114013528181478819177613092599958307411861814	0.0000000000000000000006929101304475472676419480203630558797380098240096011835805027804004077501567125	0.0000000000000000002169359872834915509772705450420740578803391802977491173459856325607462896660374	0.000000000000000000000026417497923085411697626138960513181561915885214072249132337466598696057128729274
2	0.018873918221350971931204631342434726742218968656826046851596965677581191347291115	0.00000000000000000000036756881192099917573163803965229786829043240929006560931850087466389025772561596	0.0000000000000000001150929723241893048834562290324775932177678148712373166324200053954391114610765	0.000000000000000000000014014802862165191264698658040734768981286731133548352982777690152478173026997589
3	0.025929437974046673951215012362738752356098537488479576683747404108015213145184266	0.00000000000000000000019489464202991440402959216234195109278173183721147258813554338994040050618774311	0.000000000000000000061030120469466002491623001035041845482088958539848588677961414726437573912760604	0.000000000000000000000007431370445093334217223653413649351237532771008165827339258950135902034259779566
4	0.035622478902624423589596848124362646760208187556644854310565683345863025258945991	0.00000000000000000000010331002175952352856429300317127156085870909279687870443139657167122895197479674	0.000000000000000000032352540391629273255978790596247792236801852112714023972030667096706527660957136	0.0000000000000000000000039393496447281227451857235646372231097822449775264451224531079980121294935112503
5	0.048939009184774934951308495166382768440101385537673004792083951793588583641605928	0.000000000000000000000054753642670260379101687543505727134022176728525451139544267304976620805505543065	0.000000000000000000017147189569016647024673375569682774039226575619470396417657904211396515108041854	0.0000000000000000000000020878704830597575320911878205889001679281673869597460693694016286877397144156022
6	0.067233575364993368332206450845227735732121873270195970257640915340179069214693141	0.000000000000000000000029016083433585271086049252218453719624648543176497916788522367086851588058857351	0.0000000000000000000090871561166439587290903901854195918503882317206768810948686582651538973739441451	0.000000000000000000000001106457989258021475948105195396565723583857179047651580597085452556475931092426
7	0.092367085718738621912641280458004821038467316871551007576137747161105114162590831	0.000000000000000000000015375737975709435725729216571124475557185410808465356855202277575022389691059368	0.000000000000000000004815389430815734557818948081995303623610421785971019473805083801721526871678755	0.00000000000000000000000058632158519989803592305845472825031254940481648181903595405606131611123622835803
8	0.12689610031679221578970395628108583258419507408671325523457316446583446065123673	0.0000000000000000000000081473134096235444214869863056236056969605080762205540029513422103099172471675948	0.0000000000000000000025516090939305951652476970440394267077892317596324740517088448240155907967333896	0.0000000000000000000000003106825909374851633611511065972628531875228375841194855364108030867225214002506
9	0.17433288221999880117078795512374760016284128083952683619494148122160882999011503	0.0000000000000000000000043169827260638893352013585102000292250959549533455676470678113739223282139313075	0.0000000000000000000013520195653502136955975375643828615788462797341564267082865636394694163086177268	0.00000000000000000000000016462075420100680019600478711741769375449818686605550338281767118695143289719446
10	0.23950266199874854432547785997084113252733184257230380782737663195513291327526143	0.0000000000000000000000022873759775491218398035237596058582822003138272461882486017248500950932888588521	0.00000000000000000000071637802805976137425892672998264207910178412113962309809925825549365981735854453	8.722541854789506600905985230669858776071895774566220518014113739830566528508808e-26
11	0.32903445623126682523607134369212201097909084103455092925569743072476969011836073	0.0000000000000000000000012119611369678986034929372429369638177964114458279675235743289415475099352541076	0.0000000000000000000003795725411602763542617244612506818104402256075413807014232523004677977966116168	4.6216285911880504922308754593491945907214242299572699553457216513149202455234107e-26
12	0.45203536563602431417522135832625915658649537182493604573683842416465698556271242	0.00000000000000000000000064214835075773298659209665690454691592259804132123990132967872477142209838085501	0.00000000000000000000020111403844609657909120201766899813996301446611718147241404706374280487428929543	2.4487377464276596779949177037229062213857839681556506292557823625509055892904969e-26
13	0.62101694189156157812722630228819229975661586105626320239272156195051287742498604	0.00000000000000000000000034023472683141431050921091307469706491766821274579178436312187955682651139545677	0.00000000000000000000010655803828527899330742947930100324529238563090529309354062249728550964115778933	1.297435816432798473536006060424455129271109665557665324644757597458060144491643e-26
14	0.85316785241728082825608060820294530715751716194991590081026278704584917856620063	0.00000000000000000000000018026820057705544525675125118304564992005239186784196571602016623175231496491173	0.000000000000000000000056458192558712001926271157385916106032334350653596685062032987066076942165641071	6.8742691121716552016726302372307189919898028498307455402502029808070539319324314e-27
15	1.1721022975334801790965447253122265554735479827991093099677316207244668635442309	9.5511822262865030363883367155766834159079779151435436330954094244763691522726499e-26	0.000000000000000000000029913345420100923823325069837061035490951425446940287818879074624766957556586639	3.6422062998590678121602267468048702197311826117943592275368340257982084363526392e-27
16	1.6102620275609393488501012398230948473103578666561734852776179305518737939847812	5.0604914181742522396504916506894602461023858028757707797195072750934334983289961e-26	0.000000000000000000000015848942792845955107556724618041391229626856325319691885162642409037222822508179	1.9297451165430422138636145169852345610250023203433893725761824380582854119943442e-27
17	2.2122162910704489916727329751434716389435985722791442906308234594477970470511248	2.6811775897427525857230133477174848511191170799533802751972579510538357752986522e-26	0.0000000000000000000000083971643659566305130272437271698907214553736154504294327217965182389829811390763	1.0224274826527019588413645643239442697842979363226277955905156893906245120166495e-27
18	3.0391953823131974137696349371803063288044662534908382967664606460234330724345705	1.4205459610192614926742959632318665836806809458709918820460801384018702477954677e-26	0.0000000000000000000000044489906809885928741860960344506236146939362453818288432827063999374295223174833	5.4170356638499972329106941498779196461876972299501459730792556337480033762573872e-28
19	4.1753189365604012642502414497470009642797121713815425416076323801834927118566092	7.5262906881230558730221216390327614232175845768658827977058481015345328834602572e-27	0.000000000000000000000002357142858198565950175105113324256658116899050564250867873217866304575752314356	2.8700311106061607440018651235003686169981212808161534998544687086665949099562832e-28
20	5.7361525104486790069155449911464680903262027517365598128824908404309662067405704	3.9875067966628353796047904501371011786804856350785706050707571212022778766557697e-27	0.0000000000000000000000012488334086898618873551679816564390194743902654541672580578965391456167181759288	1.520568259516821146635935750119199520897144357704729682701269534122361497425342e-28
21	7.8804628156699120238963939650959616422435469520830615419619134906715500088770656	2.1125882608365133425842685163232480301640132190946279131417577445217452927677385e-27	0.00000000000000000000000066163024287925027781095477510055100392368721348071566791484108409457043555537112	8.0559683428017724756356087119509491512646899483350312884637207524488082270648701e-29
22	10.826367338740544411827995675262436005031371380487483959158871306356671459556424	1.1192285587522775763837674443969288611163093902471950387013905751409030981444208e-27	0.00000000000000000000000035052232125541320507518750563707196863836359107122681568881077843226876921676789	4.2679511480697462230162429433410793996203838524397822186012396157321101083484783e-29
23	14.873521072935113812248709324062362464042979732199789914551044510409996351888189	5.92938647988955308919286539231215559511315584738890116235244624224759837267835e-28	0.00000000000000000000000018569563452954656655935532825660281598284262599158965724089424734927924886724559	2.2610350745917999786562572595706731814915729693233312096239851838242487869255449e-29
24	20.433597178569419141866864955567337835025403986937927319136241947417341841092917	3.1411092890077274877706400218489870525987209033593870397537545333351785258780446e-28	9.837124038967344893564512589985307740872585011610422104830795382479947783857733e-26	1.1977777298298720990362508573783988702157648680593759649309890639556446751514509e-29
25	28.072162039411770294649050521142882719381657537648977826621751978649099364585091	1.6639188373046737745661339069078063009865664406678177376093691227302423823579904e-28	5.2108411478330236208163853854051247495823644715799224034358861300136847019700093e-26	6.3448187427017513512684489149828736486338202079513799353846962415067409789994173e-30
26	38.566204211634716971828722171621921450773526016132459693675945886415091685960633	8.8134941295192196219300302957737544559331375522091224529733478701379976249472126e-29	2.7600114456303513979116871531965939724804906920354116831130019405119779395015635e-26	3.3606755671282354598646304783994407278502147427197871779585623316700520269926114e-30
27	52.983169062837087241010494475895962312695181866772851224911213056749946581345585	4.6678707183623186395111710442503210884398086379352663646386749936201124936691628e-29	1.4617187155477654414365221245140363486565995026619711093069970206310885315722608e-26	1.7798567093556799929820253412977295449634400914084299063063755921522084653174389e-30
28	72.789538439831508002216568650880149607903278294428831621169021730222263719965894	2.4718816191523262999822555732587939423906192273144611682267298042116168682160941e-29	7.7401295332273838462582789107216454250616778877351433097115356375653440505525417e-27	9.4248897897498955023453200961358068323767289296364019075521780146888574989708146e-31
29	100.0	1.308736450192441898010588451649545912007113208905515389734134646620951225640109e-29	4.0976908679700278799623512597837977620884731978643788277898598702495604316189255e-27	4.9897081746390534597417484340768401219766672474786399675960957893813122353720902e-31
