	m6	Whl2l3	Whl3l2	Whl1l3	Whl3l1	Whl1l2	Whl2l1
0	0.1	0.0000000000047234998342758897930381988071109337655527352810997752303897373818442894573580894	0.0000000000047235485635499428658351881166402315313186418068306907775125483515670550836266276	0.000000000000000000000032465913035302637221213170660990950653599695036333158083284091952426627552412122	0.000000000000000000000043474421955184652089646330791326411052620682544346374030460608986905259369790157	0.00000000000010163637059885198253669659432934873563485352027919089819826922536261983502910982	0.00000000000010163644822438072241080786137116507078518339310269234261169044019530540782342448
1	0.14508287784959398	0.0000000000047234668510874182097180229641177891762463338656487467129972477445503606168882571	0.0000000000047235694213398528308245687328355575634678338040320618270095430928481423368969709	0.00000000000000000000014382469372014593067748414754098900162473176215313880970413096602010221518597064	0.0000000000000000000001925955028711379252669947633503921535980250308849508240923304838895420421632052	0.00000000000010163675951704321620052568474631067790389159446563757451658052763651975679912267	0.00000000000010163692291127358829108802280438747782322165439196956739028330139549587703066162
2	0.2104904144512021	0.0000000000047233974250566721104828529993378346154918073934143120220108505942473702749050927	0.0000000000047236133247610704294043442089619416308964294842386547303879008241624049297054651	0.0000000000000000000006372028731281756930174599336459140424892507980164218724063721084222102082283096	0.00000000000000000000085327795189229966147131308876994726211769827898749032633517205256582707369638062	0.00000000000010163757813990353421672596290604401684604463187785645006403509331345934472941056	0.00000000000010163792206888420845009055330735802897890846964664022745138952257287682200579154
3	0.30538555088334157	0.0000000000047232512921575432906530897180089232683811187033899586979880920362110479769558787	0.0000000000047237057367473624261053058941906681448609425492786604123156761980900908463292578	0.0000000000000000000028231471037098587487520467132315516518181323005971746151915337971971560049646146	0.0000000000000000000037804398653916153817048464279190623551292247484455476978413188665785300146725304	0.00000000000010163930125666408973803133867742986747877123518709082030959552342097020757720791	0.00000000000010164002519363000354927666314590896994084984824428418250058531645160324485967852
4	0.4430621457583881	0.0000000000047229437064490071890854853766806871367089274098083019264729521423282604617554217	0.0000000000047239002535008721799379057222339493944900797501013316498762212153577401295474547	0.000000000000000000012508089963119258403838553793982730634666130330826578027216651599344279982712804	0.000000000000000000016749064284079687129921277456690214602935167638254165189687560234548485160602835	0.00000000000010164292826303352480951672449516133671916154624538564765705183117374222462497129	0.00000000000010164445208005236541344773443041002520976708710410186491278654890486083208778249
5	0.6428073117284322	0.0000000000047222963118757075679789877834913809591192984278462174027525924609835897733381199	0.0000000000047243096871324773125665014704559111764828628485730144063104241777203743190660116	0.000000000000000000055417264413803422660167059059006123697936593164807806850771959080724999867535509	0.000000000000000000074203742174091399896002266887151298055261939545488129101198454423392991413929057	0.000000000000101650562846923114279934555592088406529806520368522476909654592797452305999633	0.00000000000010165377033890243334458791614728074737092517119141905375039855285158318512486436
6	0.9326033468832199	0.0000000000047209337992240166952543159287713015739261939133980266011403317831182027332654289	0.0000000000047251714880641357086146718866756438965796352870487758547089232151724844845352725	0.00000000000000000024552207447954150442796493317906640133988744724849437073723333848289574603327145	0.00000000000000000032872591360773464330024207494124181681268364074762211770224188953425704804484661	0.00000000000010166663335165225979163735757732212418898620771687841432057570482753462502468579	0.00000000000010167338486106850363935152049394167339368146939585263187995343572081250214564982
7	1.3530477745798075	0.0000000000047180666705341865126986387061492369517342530485512718356901693960031113998291061	0.0000000000047269854474869919489591175017685490780828358491664403030026561039334120567281056	0.0000000000000000010877249391217112316629473380474013578903302910062790604918700471560590535846685	0.000000000000000001456092783005711725226757729950553197290851436276517818845059503995053120635334	0.00000000000010170046240612846648559469504977598910680666269012063084272658783855130118311231	0.00000000000010171467403317421768609032499651868793065671036233605177505703555739651721053907
8	1.9630406500402715	0.00000000000471203524570161399941408593028281717020128803228376180512338881773594195364925	0.000000000004730803569614611046134521382484054223457345609851550335593067922498916000954322	0.0000000000000000048185460163437265295021396963775036022102071684336645976386163788907872618763748	0.0000000000000000064482569657360592828479631799863452156427610050805180599350696098199070679247306	0.00000000000010177168002584699870984157829747329383145413826582133475234722927518774891414128	0.00000000000010180159630606516752676125690249825003073428115553129735545837629822468474433123
9	2.848035868435802	0.0000000000046993553400811538350382895965044947795921237613764431878695403797506568880334389	0.0000000000047388405222557551058564142975430159201247470677753497200654611873746234985671126	0.000000000000000021342985561250804208100242175505438959447715491846983872333358178971079247409192	0.000000000000000028543174829936912386990640729664747356300248073880871424472386925699304129102027	0.00000000000010192163819981716881812275358831420390963912772411596317237751860163140702258704	0.00000000000010198462150895705314107503755551060168531792039165267159716494437496475668832174
10	4.132012400115339	0.0000000000046727333782733897671287720385484901790797327930632937723084021692370791457673578	0.0000000000047557607650546716149671764164025372631704048367909120609378132380068123647145997	0.000000000000000094512890145457817357967067067296519724602334265148897925127371544697307997491015	0.0000000000000001262407134823520310630008903105187600836300911939244128204529475816908880692529	0.00000000000010223753522732341096914427016153833283055594316214822653603660646647249238698039	0.00000000000010237017648101215344950275128194519901766520425118752007565777065014894561735207
11	5.994842503189412	0.0000000000046169919500984274377024018361576519026052266654714134591941428249422798628184664	0.0000000000047914012410107597250059098677623212931889866616522743074695886727545147139376978	0.00000000000000041835691396306487581920847488183391882645884718066549703140724403572185152278045	0.00000000000000055747551161311651957444667747753381872528165356022366289824160583671236441933396	0.00000000000010290365639137388621235118721291728501651919744589530127920848135758411880324159	0.00000000000010318320731315468909552649098227709280744783769918620098019516876609321823854997
12	8.697490026177835	0.0000000000045009423849159084783138197179004462106581643727735984592454220373270064363012492	0.0000000000048665771360605451457663864898850498691646826531663479884528978084968856918813599	0.000000000000001850543559206342658033410982509863393841510691262213699975636766704875727244673	0.0000000000000024549071085135950393664531780353213037898909401257863850597440251667666571181873	0.0000000000001043113879489007220128502352647966623552021506447614477269269479854292069016299	0.00000000000010490162286622867011473933992215798426168524792627180164039519854804075880110095
13	12.61856883066021	0.000000000004262221133913865124308842325511739200344883842277627245562419617074838706312569	0.0000000000050256935071767125971077557962176511692103475075982025690129579022313847681238428	0.0000000000000081763755720124090356821685058188427106974322155981713018370606630457843599387353	0.000000000000010757054023645633895776071450071145481323015137629543709655097832793810260848989	0.00000000000010730077514893348386084428949381069552954828513605316275080115007998639425880747	0.00000000000010855216748526090910984103759423622048560756696025099178681927009747628638602961
14	18.307382802953697	0.0000000000037837752168082312011570754725796688737216393927123392532576326544352109303348345	0.000000000005365235858264565689736314694119972698135368260567834367298412649005967084255787	0.000000000000036063989049213818776666399017757943746127047874440821584185253686025981711014199	0.000000000000046741385951625791681966842413866052090794823119318158182560656427846476619486426	0.00000000000011371473943198792723628401278576905136369349153149571707600740969791996986332012	0.00000000000011639245147059569267391933030456048624293338586232638947009281002480515511595203
15	26.560877829466868	0.0000000000028806124712298357055456871329231410808357313116472417122741086853538233875210783	0.0000000000061030134692122794102019260669976407601014816641761357791591829921501538711328608	0.000000000000158689367923414582446529104550884065174417920946184208700930490535225346373689	0.00000000000020043230192038031086572930740344847384874722450397529234672369488986325216588095	0.00000000000012777313494293413759526059981836536527934554219002719586755664095577884723757698	0.00000000000013361378840739372097551033619078222861536509712543675781869201230826983131330601
16	38.535285937105314	0.0000000000014280032407045937676554286235518543943809535235934241362661628457028183399153798	0.0000000000077675900958381965922865988131071384104327936214775231698249058158648372669868575	0.00000000000069638451480822306496747779515716732326414796772156662205219253507249542571467726	0.00000000000084485606663882682368528549964424950021570835233279991105654504152648610536783808	0.00000000000015989976902729656035793932278145670125614038691587683835589030041760953643524789	0.00000000000017311108335717546283007405886238572369952500075464390533637777583126611341846408
17	55.90810182512229	0.00000000000030711912164631010418945173183183696735765688754929459629999249324957639585634665	0.000000000011824014836529891584610761240889950014588165272114662397701671580568748482281047	0.0000000000030526600922901691842651109212925487829174750839265445831191550465896775601919863	0.0000000000035355860722581966816302498232795515380194330654324169881501892911267722500439817	0.00000000000023902300617078834772379415678175563724875514536458415362425985649544583672804253	0.00000000000027088465315135510070040959262705221264194165735021041209961697446560760102893155
18	81.11308307896873	0.0000000000064235338596999891142843260442386443225629910034861779147537013484154617040739603	0.000000000023645864504801857803824445718489036560168755971268711254164587993995217901597718	0.000000000013484331266991932861727228896345404372349997625484502860545854648170032471610712	0.000000000015849503298323925189607902364413059395521226500659489269699191289433099420813389	0.00000000000045877496048970117754014212685637022347062579971728565082219499782483509936252271	0.00000000000054691894253005161398478556335225912053137940540110029080327041306372120988621509
19	117.68119524349991	0.000000000058533362620757191881858252015483017719151196003267325688610714627475054634827858	0.000000000076652815508474301248113308391476944534399086825025136104780623321039537590932496	0.000000000061861219129377474110266606020173471639204246956872077331826079915500539787509261	0.000000000095230671942677054712865418868485463523923371769549577191917207104296775792244404	0.0000000000011876812478041752311834395418947156700911157281269050727289902152460114580308197	0.0000000000015550666294911254783281117801000973673955618005732779307820396916197248558074501
20	170.7352647470692	0.00000000031905165197152204870134825137092277455213100226949301066622600595023261757118022	0.00000000032836356361703760103004504102220100573107306489578493470189278496446432221358661	0.00000000026320906899038197396637620032127159377532676307205645173313330730879224059166483	0.00000000055408508600945339933882713530997162411051940759834544735933852551476834546802828	0.0000000000037142863416573901462363487613034105360269359267159928922939520994338186042116192	0.0000000000058620943567010676469214858569006093000556473022116410438610266657745571696294573
21	247.70763559917114	0.0000000016453649856922794029642872386672064633046415382072733055864097180067499152727367	0.0000000013999251336191038597583225029343646010010735277043780875937321526737175856454456	0.0000000011906138882387471801114262813349042614485502963412875653208253315038933332294653	0.0000000027042425582920976102735439912235741859367929116527693855915297156156674560386776	0.000000000013986015314715080321729239727678647143137402707780426415823009415763198373519521	0.000000000026055327000585908825530148982872972965524004163818137212535042747360164514738041
22	359.3813663804629	0.0000000077780517353355125209180104789011131125003350808581347377168733328117453804180373	0.0000000062436594979736015821919051117577630514972580209055739177433053088513058236436058	0.0000000053464827713220000640553125674300793761111379965643486556787499881672547586992591	0.000000012854764769804201565249666051272776530455025982313669967424444111036425382070912	0.000000000057280717492940186139008546714311900373037616653392082679978440161010530437462328	0.00000000012319433462010759692458876496672390474208846996977948615908519029018714543925158
23	521.400828799969	0.000000035779488667299492124212657635470296441832996453813417870115479533718667876456171	0.0000000292176192473122062678870049214192599171253936953630533351410459340430363913698	0.000000023894363609117685551185983725414602191193754197508633299181138209464867106493271	0.000000062006949619639106758749995492930207011408540513416561023172950686378758980753011	0.00000000024475959118362301571677600465272228408677827810434582175131559690791754000921978	0.00000000058966634165684470115093294716118829798172246977462630283961945341768146864579851
24	756.463327554629	0.00000016166507062960079641225159170366448560471641996229509078803108334135947701753039	0.0000001388082893928450115680580706425435520461371259752130102243328015252971245420978	0.00000010645242291982920164436246549139808910778745077559581816499310626262777167415657	0.00000029878055661151200939769923363015912507366320895953589396618849320805109059165326	0.000000001067177809552923890345808553162427377708838477826801014695518008546200167630608	0.0000000028414585043670102382666733486758759234622233185017442768828591867263706971555934
25	1097.4987654930567	0.00000072389459650896472560412259818387563777116782399063258843293417948309002231541143	0.00000066268892583792860671809588940730273973796828177230074913058093225904837895399764	0.00000047327555657067275934136720808033100358178874742115671099084058669049316756315887	0.000001435908868461208401208030570477680789809818520751472499737345062436848880808293	0.0000000046960050363145110049788173821950795177321246202369700011617529037314643654872059	0.000000013709196468157715819087131230131899556442326138174946665875153700458796396544065
26	1592.2827933410938	0.0000032260678928690029689978739647446334656507843753515555562032086990524296039811806	0.0000031656090016711484865169176618041951995800163315537225596132873405706562180716628	0.0000021012760283203345103056882584654998597420951895172428028422746612315319289380147	0.00000688102090544227712682919320427871369636559246129132153987169952087758358246434	0.000000020747838950825129248948615027159417216187283605090928998487327070882417779792726	0.000000066053846672438666052520440165228591848585102396267364990726859701970646436983121
27	2310.129700083163	0.000014340544801522892965693038878613966407132767553755878404896266702666766193100668	0.000015103203980797779050617232852655669273144503096570372688424682674137765482591611	0.0000093213566681930295294813206879169578005198126962485582507035089545026291654616885	0.000032881414461474438905819054138852049288936191834971544888941529012234421748384154	0.000000091824708097276568506675807656724224315799298077493670501571841752330256702356514	0.0000003174996086951306217166552795182863994159868849307142607760737756325055514945781
28	3351.6026509388475	0.000063659057779225789927164008690550717169471733051545071562623636867051427591967788	0.000071917188977384528278297821932413646612074350744691779644761939148364513614378712	0.000041328310153550806098162657194224492056314713889341933332241003982183296841736768	0.00015670321668110437199552725665697451708394664260894969069162340768700164788978673	0.00000040667645340372297960059183559416003204099366627561740914714636895709755475741164	0.000001521939937842853980542084913934247067493439016929477208168268287988989019978561
29	4862.601580065353	0.00028237952890305756342686743673117143103061005429563119832402682872097943242995822	0.00034170121519555588272346579808205345937348033181992077552291590039390731978220813	0.00018318169579384996947661007316574208345235024905760250841278700035910586033876092	0.00074490940455284870419456993109470356816767680009388069067477026489224055516970339	0.000001801591668406482928920199363118355055775153489266784895321326446695753797017387	0.0000072752116229641648385746249211060542557067112361476335288104428618959875320710398
30	7054.8023107186455	0.0012520894751319214012102475463333102438844451766094714947204914900450233124978166	0.0016199471639122894550237525448167665956539085445520279335064257739515298839944735	0.00081178262160058442007935434407326078467409472653069252243039647009888856963081994	0.0035326095649846552244899906445695041788402307397428138611378751600471050803784964	0.0000079819068717677208740313838618599609492794869883869062968709628399528737130096408	0.000034683871859628299210984081458981231086296582438133598161806362624141761860013046
31	10235.31021899027	0.0055507115817240964853789263428234066472761599930136336480772178630115220293037364	0.0076634516708275539809624056136936675207164412500232867405793541360133875990023033	0.0035971169126011756891739690500485480828299076955720568698519432509827829890076223	0.016715503890672977829655864146395085211398252441012732694562343401926671237319995	0.000035364779725991046290031887246364644296925685203950337696756267309828114354484766	0.00016493154206768274846951964293169192884634347526098177778280938702857409212873468
32	14849.682622544666	0.024604658315644264771332262727624791169169196103191980966986194406589811571974287	0.036179328226307747229258868477036841727499860475444332088698607099255654274202196	0.015938442675522091337029371069699071620311308437518366995181547773169439464748211	0.078928755921284672263658296183461445555104396893311513697649518518261326838540368	0.00015668911348907720309318248127305455672073414880405482961603995991841214936556472	0.00078241922779095305668424104324995177650542603567890657703472943031585749482049494
33	21544.346900318866	0.10905988321025571453697515354292690630193652223952907568053256449409096465033367	0.17047327219753885792050145040621670541006570995488498933193740847151107096271546	0.070619489372806282348765092358680270019796463821918213018729765282791679529370175	0.37196185687131633237651665852982708465585510499289779171762904791399043243639496	0.00069423564319057205217103711384066288060453778292223055048316398748065708474583756	0.0037033867685974273693305791133186594894494439049718504709559386518362940661841632
34	31257.158496882417	0.48339731158732968166889318253068623007052196932992693752467016885335160447719811	0.80178603748999653019015484336281458092232352435910007406284634867132431384837692	0.31289349997928902051243422105650864217648926789085842197962883358855250621117012	1.7496842333308783118367435872169401283822936625439926081292024935978774144622082	0.0030759154818071503281386427943435163640365000355256255003894344247712088855474635	0.017492130634259269770967187983774621841692571836147462487321378643770463330997312
35	45348.78508128591	2.1426019440331871790848624282596118016597002234240477859162896434794492957992971	3.7645354574238829796112350051568480346487300157374448348316161863188110705173399	1.3863247503504382028720762296669007662894411240843156613167655841691096562065365	8.2160968449364855064848778925169755834952001380054982870838475760388618225032082	0.01362828740562419778805799056521735029766881042248906890458154361786689456927187	0.082456755077154267024008367605345201412456743500475540541180435496176164698060946
36	65793.32246575682	9.4968640629820704493783022293976529311463790955036007574026665435388023245654442	17.646410437975574145348740360257775515656503815093986139916615389434747455945682	6.1423077508253483292174629923083221061432937353608540524044986738504614756882305	38.517547749714960168931979360854176668083508836495933298185405967868027069247191	0.060382033861082344497000499786324347511071024707267647830941120238103859038366284	0.38797248067791094151372680782871202482929407139928364157530071807170290757727166
37	95454.84566618348	42.094190732582618943035645244806972915651543945673821718216612103326255141772487	82.590821726791424344150106668229716367860005548226479553418679893527418907132542	27.214303044406950692277761158146067514040537915643555306323621961973713173909765	180.29266014734316377778310997701436760502374828866912156037019428469646377707553	0.26753088472278569433950215446803860030852075555289190978587221573951218816340206	1.8222743626017942311978649937318489721903777656878251386885445845907829270645372
38	138488.63713938746	186.5813450227994527332968515923087009862792696057678913999321795124538076122853	385.98735941352508654893054282408831181414154258177182594324072225855180628225162	120.57641642822678801050945218960550142409712702719315775881943517615242411607621	842.67440997041423133430162088183853512950902155120740851389199409016880110773797	1.1853318899283115376197711187233139355365448891360129721749603818554994179257841	8.5449177136420560983459617257084774686423568610903117526735970759630656597606886
39	200923.300256505	827.0253852367787680428280277983039861832860471268079111550668541778384121914702	1801.4119759047486862336172259182235699130357065842610472773018029996169731623251	534.22877759080389785950293708708650885026176338100023495489964681186500389282259	3933.1191736794498244066783581225502143870267480654295154762178877573935043412696	5.251772955281608145882409407653974306597213138402718183619841770653991967828036	40.005792411623126790767012336304306488216123013303329135579684074093610106401566
40	291505.3062825182	3665.8463160020240333388602774352663403215808393580485580215217309105429370055921	8396.1853363193796626360927582779149249220132482064782526720084052200502826839279	2366.9662107531634353973522721192582790899624848121343393227633700943146006666344	18333.299009692055696817104475273474705829377095484236715075904522118225941920973	23.268687770306745295160690674519870621086384335646605481574131646983212215175	187.02306605115172788089342588967480059268843880246949034075619213864798636238931
41	422924.28743895073	16249.296825082610083649509851559967066804157916840188964019440375614305907181812	39084.819664874117959966543943038959228334896522181476284163203607073406094525193	10487.132947322583104859204027253848479610422197181821697513703379725110383990774	85349.061907116499741204972093125961489609091347457606325018355954255070472197295	103.09505714675426783004160519667982297445758229406570342005834777007320455381871	873.08867688911184717751962285095465801055887232752976265903338124600767234296466
42	613590.7273413176	72027.749690053515053804037768296278752603135467717955916438706410419567168593963	181726.15307628346059161855694694948853653749659797343626507366203858041336914473	46464.520170325452059261243677370716583703516192059796808078275952532522664945073	396860.46641907196779253586996535747358649029458417468599597184105905219279114222	456.77656225115415379995558988420110818980334646875830167081001423167020803886681	4070.4596157889880802563453415130312114521532309885805841303508327683491728034552
43	890215.0854450393	319278.81318346325157361166998551737488252210096994012214566560456161777021940316	843984.06338207193202125557388287675748489770510178351601440485455111461897048834	205866.70959663824561543714774857128502589598337152727150173046667910942919734221	1843242.0072491530289478237439972847033443890469674593968766094329816477674669018	2023.8103090084871939537650750689332932436105754527630990196836417357932638447296	18953.052678438703686920748898499409117375188047881434639703832552582521440854469
44	1291549.6650148854	1415289.6819064299215936393474274581948627561648721265015819811660578535513912779	3915445.2188457651283137236904687255639385851298581966792644546828515653908759618	912117.48531566766153719528113169871374794838277727495000241583189629004988540618	8551752.070966632932393319567101155148359259714834992810765158467522120045944033	8966.7657549124083499854643129557574106669717649665999672503716344492914837978434	88143.875389431783383865617015671867048210905773948311679508295710829129935181556
45	1873817.4228603868	6273726.2696033329565285459600700589916395174685606490283948333213813133595360789	18145930.120882339719703739548249509175858426636091859222112357427568454605593311	4041247.3674548068815331774549491413665022306066832692292802548166390275677092843	39634858.508132020579454727767523892327434480794376046529830996864677915437980008	39728.473304925067314687757250959477834729413067957936209587393778364982981966019	409455.87027135764255007615420362426968023662971185190612122833890710907570626488
46	2718588.242732946	27810626.449414360409236227095573796764120417401620028849383797470903546096250613	84013328.145706445665037944601736600363374499055951105620376652875716686559406284	17905237.471914026371422730247167171065029256488939645793519082249036778882356075	183513845.08951121335057530406479980767969761461430771432666713023577916803887208	176022.40898844400029098270869908181295347679323675564141661081363429281087110665	1899971.4470048563726454139720834388015490796928722636081286149824585429121707381
47	3944206.059437664	123282362.89316410494183997464987541070463416883592391952081957440991271182165688	388603268.09902179883367361312798239453541554402273344005094876408186703477485557	79331329.676675439369388561435891111035011376426430188113498464523085852648182718	848883770.42682387067951024443084204998848158305732078381828370950773836320250992	779891.3041162292139098654924631347358700338710054516314172504666609098399975917	8807112.0253005808859574904629613088630438852323176673482678304147260590864353244
48	5722367.65935022	546507454.16197815560259127222401109170513612126489377202274635872798073234818778	1795855057.4029110967703115642007500243903560162994437634584125961992175408617928	351487090.96321197875490707677281194156182349841240189540194531315853944952607193	3923131677.4241283855242656522527001685015197367152665594944734214242945646201062	3455415.1261660781880684436715962574948601243492097544879026941784257755093578041	40783686.521465198087836056460885445388775108264628040907960466927247043929069146
49	8302175.681319752	2422680703.7310461696775131847610002464674057626538483193759629527325559017244743	8291992398.8519090785677337823258863451041940226255561127006785415187980637649223	1557306233.0707364380320308143340758297562197021269416545440783354833338790134503	18115032095.778410078338317093889067037095325958096771905555896603645244055476076	15309690.738066197301138955552361802918933275373032649535862050344936004535550546	188679489.69123530476270436286064507982056612251661598988356187755201367384263377
50	12045035.402587837	10739923941.802375194938172993726514591772573595231020305783022443580945019767997	38254674929.618677620111561555437958277493182803184286364761460953943380501808091	6899834275.2936915799372680068653159416289862942742004696765897548305957595546688	83576122339.996371250302570519561214596815295686226138207728519010563028481052399	67831690.85515552779752050653347004951030492351949375828179015017594080350102234	872098843.45445717121697637080566671720657809786900601005868255905017694986801462
51	17475284.0000769	47611421516.627078885742506659938094790673524814710911619079168255076241181241437	176344724283.04428929625903417954599806365103213907597517149651856762856509943135	30570552705.998585544817446415517218294948306536031618229344141270350701304079317	385280139106.4343101516110144028864191560195217273879221941945502245038565740327	300537664.79719810489197094209145789022063384357764971060849124999927266452371188	4027411385.4102996585563985546060136095538986942788767765237532790374095237595827
52	25353644.939701166	211069744409.20141064725561679529862456542741436072395612102028243947506639183065	812280937227.5227603319653857952348295461378104525542991335195166235192995914657	135446538815.62902166871165377088136431250631908121607395284057425177721082705747	1774744712308.8336973503357411324538632012133568630007924782527458916558018325963	1331573719.1689081472174669817186824474563861574412868805773208277452045502472092	18583221412.811641807908055416935161769974733297673359383220803642352071480699694
53	36783797.71828634	935719506605.88850265003786860354419616332404951855747533600416476741058565154148	3738768915616.4385483660045800306556887056337297240383735337068640582895707090991	600112285188.63233686176463731294387174291441458657122363290559119765145095364422	8169073820772.3272858609309381383233220644468377893391390192426739136889926449307	5899722303.7663166942175993966242040028890174716914516066047627886639577049113551	85677201760.428911578475393862126072428897257211078864899547849409913700490231068
54	53366992.31206323	4148300451271.4931342001809575306889225033948104387366850980513548142794965538842	17196560707479.817375721263853297215516512974049863020683185362799920110920775183	2658869983387.9210535600454838410887001140396061139101479756411400011534898997906	37575044010687.532381330053629032548973826554425384222299353847027399545923712654	26139542367.806978985682734641662898169514480328603519751428602728505781255831419	394704888253.77980703326493630807058152966544105772203643818668278157588304312531
55	77426368.26811278	18390752059547.530467367183988478945703497418852779703596357815827441920880067482	79041757559891.952523387080146480002602782072053888404379282634782236347890792188	11780443805996.13632017542704897654155217287068093420976288390067160609755532717	172713928243749.65922348938396684310328486808276460189974304743997902310216936187	115814904923.36163187408479695917105288168485251480509937066760378841749961577714	1817002871275.5884103956367297615825889299370981755868108552408143651852600209493
56	112332403.29780312	81533007199054.732546089668181225120554970402332235025522651346996183559553111202	363065046317942.06100302745233206906990661967027862174040497071996914614803595773	52194669755959.382269839655223577434050530350688944628902516551539761333061945126	793354468479558.03524176501230151558037120298566923674175193469544103140902217948	513134258367.03648704145515536077951744937456171097255636024814189458902479274518	8358470485886.5395315963862436950209161294971453300296922014138565924889127571069
57	162975083.46206468	361469789348640.65083425018970482550405692099915777375619636807270623518723693167	1666615893079649.8206990326175208039041124200932302344419179474057423845034968665	231254708575179.97074823132438321587061231137425087385654406067455586168608804885	3641913222584081.3788310201256681925429775709314660844062239533801026620879131415	2273514188005.7931718402578471347932892885020672088631865133973260613578144008122	38423567764641.224703310506694334823448280499829805488075922963297727263724802633
58	236448941.26454073	1602562460297159.8342135401269533426755021359374063883341931564605295256411528251	7645745783242167.2884826744111919716710189222188195688555702325906579783230276331	1024601312410892.1658819550045551612916005755782612334287084210301509787374072437	16707994438162465.487401720278784945112765332680091387101850401477051567161146119	10073130565316.210467788915564801377588632009296138682806978282267234622670407755	176514053260872.45562713497882234929022239684066024580074402921392536219640646428
59	343046928.6314926	7104967732689084.3563158451941431527089673868380669296241522092092472064769934024	35054788895178566.316550200937607523022379423247239246074972132620492361670730262	4539615542560827.5663166844208745743738845456774525326837423229780760113814158613	76605738000435232.895421487233615793859369638866146502671609409097248459893797877	44630468139001.688370308752935788420304079803257545418241931524988756714743088657	810367968060412.1928471177423701553335447525052991962129161555170354342646468897
60	497702356.4332114	31500185594512704.058897101009871752945563990648484139001650140276679771846548532	160630585176367175.25480710853605358753595312711907378376803708170097705377405374	20113285048207779.908123568346504110741853209917365917546269465587043724699917295	351035165281504312.76960202721697059991486757952549050649248384954409747623292664	197741888513952.80153160659152187172876079094509491380291425291044032165786317884	3718066214494973.8270360590325534055479972605043080748980047015879591118149064507
61	722080901.8385485	139658542827474880.76933908808198676629349266122029021311555146450342600345027137	735654431014530666.9331495846885671482527315286010672983974726804110982840753794	89114135855822487.313873438519387608703218522718168019236096489186072871475318393	1607694192563616736.3782381916443334718726353286729059920381033836908704779574511	876125405671203.42052065191359072023965008508424748474481391647248328119751821155	17048832065131465.048802009830061817843424725851470173536539485204678434938677473
62	1047615752.7896662	619190994074572613.84968491024407828413794748918074859136903746497253684280161873	3367428170706821065.4452011767638510042611288254388199420161653466890881496819768	394829583678033832.0402578558168819577771536827889445099318955958901431291763522	7359250730850019586.8094716243749841003555142427209226752130699805162844479658443	3881811001756439.2549036993913135454591346536710256824993685919985997653370499713	78131607313321843.597442049054036819146844109706522879981216729972182476676945891
63	1519911082.9529393	2745260542855535902.1297638046781626470453458622465217932180333207218644808919144	15407141818320238352.281849576115294125774350312978505662333486898256870346405125	1749331134360567909.9540908115607649942055959691122991159648342733027820487351283	33671388580044335352.466253014594826461875878736261609619540602947267623675504792	17199001820562474.701956149067803602952426210426944950853463849721777077900428576	357872576333976756.3935139924423895240181647010902591474747602095368222575468572
64	2205130739.90305	12171471185848860375.546205568708450213946615158635844682046742010707076985150841	70465882402522777683.847727760882335070891666609775082200013230303697430707709938	7750563260785663838.9468148741001141453342270952212159910661982943369198430885136	153999348109553636663.16150861034392986326030404029351978113461548015414793191652	76203194325369478.083444090037662381318740968287578505661574077786203602497783904	1638404972797014133.540466187206480230768577061450798042236860294839694050998196
65	3199267137.7973843	53963680208618729341.70067606501689156551266226529261744312489758751294549712574	322204395532267758991.49338557026920350296857387648350783052382592881549395052861	34339414262410204611.089681074991070895663806469649980229659010876777612514500406	704155990701180215354.29936550745528813189299936227843974069385397734366368295575	337632840868934976.46372476162868433317629867741977919681839077158180344690917254	7497933968945990876.1488964327536880958063865502514884405067058219166862189681396
66	4641588833.612792	239252897091721319688.24070194114869669603505465251285192361757415445597524081833	1473349158785055727647.8585681676873607734209771281489440655473869726125522509904	152142346422406104557.1964572893558243354496201769470269703607955364482808107642	3219849179543358255690.3954054692961359384433103163801943436908701184471361013896	1495954864644273268.3557103576443930006989866959606654641571198192227549685046683	34305056235209683219.656783505577775120801809197475231829794457308102397570305682
67	6734150657.750829	1060739168322283944310.8148722178255028243491293946804852362969209593694835551639	6741765371386457514986.7265545260215210876029063211592681016508390924637746894111	674068160682227212158.40166476812380029612974052538007261322186196026133038408309	14732924515292925046296.859183250155981711493306051561410375109616158933008075465	6628201152605709848.562024710485191797384835150993607137105136207239077477942236	156968863047672951981.18258045543274964660903685987313854006311670297467402328913
68	9770099572.992287	4702807363900304975980.4759813719632390019146332698687714533529250864858812941725	30916300441533265171295.856373079083716901518936571717207008842003801619672972614	2986429920357656503185.0273433425004620025218996869539795785990757244790111646628	67558303349775006541564.175566768715922494114296262015632188316888434033531929464	29368236469189935584.020048245919452324517106113958140645322528824326190368382137	718849983106420002670.86395317330204620374316668668327193826446289467494423810508
69	14174741629.268076	20850565165100084682446.541971123989415142808083828947376920956870505918756435708	142717841697827759099492.73481298602061530306613862066268723085988830666150898833	13231016117234849861521.033017266090013758038802491044014106093375339288523901822	311840658592877278053686.68755102404936652147498717793441710877152454556646794212	130127037317067107771.6490303260614028622183802986524109232998559559167868342225	3301926209794081274664.0969382877948503528842464575796752957880273935592901473971
70	20565123083.4866	92472133077828012757317.976926167982291148007736078540553015070783344306929130802	679811506925064790461810.24445804001012200053659293419804886391947486130636380915	58616895923960991921928.125592086829790647534442480455105654582306475860576833769	1485235960462220364182413.0931300163257719575654695613161099203150384489336222945	576592854791537006626.94451694536679526196958273887685290259762223032835004332468	15383331467294589264489.428165916758654466015349559794558744746653933954154398957
71	29836472402.833466	409684212937632019763258.58596464104642707470546227076177565919854185440661581107	2979312582863047463451771.0195559280150866422541356147539621868722210001376290962	259678411432441937301352.28586691050135631280361978753904873243972461286138380675	6507585280710436000765328.9374530119214033178622169885888352841429074024922843922	2554950679394472233414.1587030272847800823542410016123252873460308842182461634916	69307843936665710503650.905387461690189621184124401140610855438527722124911686439
72	43287612810.83061	1814517199015092898982739.3879653711122637059346518813988948317591523617667420142	12392917183796149653309986.840382513325687869034256867048195382575812135075678028	1150335360636842730501463.7729299521288623406005884592316654943726086700186066945	27058371672646366532046562.736135736409241510944641119388623660012838296908243559	11321838195489414625572.838271803913034264015436115556838979302528247469565421854	311670983024221311286666.54059752247674036341441647009210769359991511604376191006
73	62802914418.34272	8029037285320997830191030.2096028122277436396849206595127624219284037091346765806	55155133761075452202369221.830330576397775920212246393557236906528206410382486379	5095387082386282575737450.883971936388188501186645382598617257934527977085752117	120362525174315571760814368.96645214602942799629975829651717079436273790617792731	50174689775032530811987.104357500906605116293007888118935492646921801756571054907	1372882704402871573972781.7132644865939918079657785578944185000119265383816727786
74	91116275611.54906	35511643263663898009936298.452842585002465469214073181246426263179994121420098052	247135070763536428015561919.8650822912046725445675851532615421323144622289363707	22567166875660905577916000.36041733335955110266763176553749047526516801328501244	538913088788881272216033575.85810861845116181446974391108993615030154550219722014	222382694127653166005957.35552347455168669507357600015260949113000620574075940991	6065404080079200135857031.4756923499587183744352839272677787991139126806739584974
75	132194114846.60341	156963697518474476139151897.07800875290806163123407639343009157639922887329824334	1103023925015936290828741137.7223010341963030090720470693288706138665785860865037	99930743810612011163838214.644569269937422824957295002490803197657613667364366532	2402675358080849439015758973.138314684291582325212456105252155535519867773054623	985798664692851617323195.33290596773011544799957161874184465481847686885569460706	26933027628707688410201514.245798904642082711434314035598196037949136586334717529
76	191791026167.24927	693020707872850575370039513.76533204979607751284871064880396483448431476309556328	4920774044521245461960824041.3320921146672269190949082162025944417779831117646611	442391465780015338459152873.06319711973571344702083538546929317257108913148851337	10701572449054141838124702830.428834909538401419702209331815193393977839317458997	4370984336144753303695605.7731804315842246968132547648597966531823469444317115374	119789902021285340263615706.20849759812776929125299952094457498959204666582406678
77	278255940220.7126	3054657771296979973301865397.7134278941294048829923185892792570968966656120353567	21960056716336088613765203039.018502675552231245528812141423725652137776239957203	1957698952662349098169937129.6666904810602743558285673280907240274505253014221149	47646129453369640860466369025.527332112390422993891559448151993135800758871774361	19387520785965052468451806.899056911558503646034260300900119193838016496673294956	533155695871482134046061552.65041054011890439635251250524651539578758461618779342
78	403701725859.6566	13430489372732509945573871505.505538942267788048898554028887614121313695619153433	98083140002131486533732096782.600297473955254094051098638291251484407163701427843	8658389251801139130914755796.8316234002931908636085402433112267403868746365499874	212077679241122929156844283662.94618861264646667964988400743781423603988087062383	86037520990643340795100764.733880799535337730347764910574291968138785996766144979	2373736241663639688398127648.5384914779886442562510507211832204787059616592894142
79	585702081805.6674	58831341112911351159517141824.976039561384882226979234870786888446917208279990297	438668737446434368997113864287.45806497869905225723722887968448577713325185145621	38261599923752394624986786690.992885758456285454174112169309313352420429651702927	943739410230975701936025559078.7734768439871800785813060419536011314343776901192	382101963665479702274285363.99467709340029327636259294880731353044553669806664298	10570487808411228788464315253.109217174554491751649639028196897187176307066356705
80	849753435908.6473	256288797955532240754460930843.38830894875522196127770882145815281970357448129282	1965853386351282559614078460868.0398799614257370788434269393042188397878057987215	168869408274694808839538317001.33013797648993691565391988201527115206834183196722	4198291125987827249644484318005.4862650314404727007685906624381198813828840849792	1698818677757022252397320392.8653914191901643507328249428018241187674310293609405	47078592307712181184598273668.640738010039744748877009971403079696556950085136769
81	1232846739442.0684	1107319489907903276843282332219.0865533709350757674843617375617880814384586476111	8835811094271674752207816981510.8066571679862811632801727779394183032472134074245	743951887588367663908960173650.65374566440355362228116765351560121918187595857925	18668322602473656514140874812133.5074134342288625701410130852333600276090830571	7565027980604378877415256567.6090215335315999654784872800692817465370287818906132	209711589600494623798774647663.41399516001158621706516495207886924347582278279
82	1788649529057.4424	4725340600282877673165772572021.4669846623894409085127426073485141860137395284885	39884654980405589630548316998008.228309672705296827717747124635425310286201200681	3268626231962144596881626433842.5839002253545267533870572974073897776938442786086	82960258159389877102909275802131.954426173396557354871751495696823644477686709276	33766684531064256798489583389.257840787947001733051516030262905971727149264836236	934357434000318925632376133709.63418814560288344361156548122629057290446420592989
83	2595024211399.7427	19787763472689304500879652427503.794836571439705126222856699464529574870029939062	181159187515555847283619625633114.88298810633659853070772535932913397193690484451	14303646844899111430105010240642.894342302659499156215146420233982977931492153437	368338169925324425546805165906612.74091229741157637263502358047294230315799290313	151231227740615565975098405178.48466388052884991018393680709800670574235526636537	4164209688705429883200685301211.2383574675848794532492771734226924281808599706286
84	3764935806792.471	80473360711159357122298989807133.607449172990884358947278495839998203470787984224	830200677110379164539415699751263.55413589568424137225650085707054174199989478125	62221594312281107076862431952580.085674428805190846523043541313475087148206598146	1633267662701797949664246121269054.4588830445814903267099161790936742499457785694	680662955149295669771453625511.93251947841476805748274297961200516069837549154192	18566845271636857911755844576681.388000695282676982498731477693969760515186531996
85	5462277217684.359	312354506899922882079065200452034.89209038604165484899946820980292851051322038437	3853049972481242437194561856417338.7328260632062589893215563281552684748665142703	268264284342748803513580777435504.54602721328719081795576647295660091786720111794	7228356589002472841821297191176565.7198941715187175471620435033891850085478438825	3085348088958054564773901448629.7136840327354323672960577344099538024421960965644	82834930644969839151857817383219.578143515542161920265643845090245718139052898391
86	7924828983539.186	1121768083714036914541106624119298.9411305393029116442128446180897970530313826241	18202888893736892069405572160945494.520990922166153634600293177459683387599085214	1141127941860093165624236166602552.1516806270735119900972990162169089432023209199	31901077331773212246266198995701724.089396789382252413585495016527283024661895608	14128153873908224973895204299396.950619587355760995531615292103811210735537364917	369896725610008149813343866485860.62455282047953585893671998748824981480067559298
87	11497569953977.404	3506939599783192571417102335830164.7044455682240971246255686840119672316073315168	88125488722098378791566927882450868.772901175264033911505669469873644612888420448	4754924497825440928584822330224230.3409705620711350585806803365052493744584185397	140209887334775259650728391686588503.29751921693531522716748127085722926555705534	65631092594937745007142362577277.234951393391071998540911541437805572319203522469	1653920658814948760851272823198988.1099044897163597257643714439840855921745733969
88	16681005372000.625	8330956474300543411167569814089845.7892463247662093898891794632584251817453546269	440897159628965984320462897213665010.50578330156635152267056681935563615526421791	19183295376952824099119714228570162.490058369486625215321114302129917295023348206	612488957713388110494736569807112590.96277181541164258821542209842999196026996997	311059242067180892414172830742080.13912321037433195146665085810502941561053234514	7409153700169738578567494707101298.0589890720407899084418222523018034321827386235
89	24201282647943.934	12065038190844196607112753310012729.832414184570814536046162886981747313317347807	2302083913182088876662163825608462644.5318288842168012964601816431580898545599967	73447128195239178393934648696521153.589590224290965457158841731387285933187682637	2651328167574659162412833902139509220.7306989678246448836566885172203231744348431	1515231887275536084573217934727574.7669486415559632883723050835803212621315244399	33281588245369517478811720847460652.034967392293617004568363060851002291858253302
90	35111917342151.418	101808925499233850438267606006873329.24437734168702132512722312717747325496370207	12676272510068311359574761604597825092.288525274566280942464202517975924196690777	257078919721754076538064478246358039.28480632049328638971891317194075235457845311	11320855981284901651061778189286007964.454963072545134646418991872232867859242843	7654799203522512420231550563455123.3857883360003340026203472293093973544868759793	150084782653456982487508035845615729.50802695576399734301503998708967765288983087
91	50941380148163.86	2765936234547480409632168878095446895.7917249593323709785106496042434424794533701	74320650399046234749711699307983331101.491137439191659215411164575976559402445733	759167421277807834278007016968266277.80774644405130744956665720224757155587330487	47338519121992371303790273115801388301.210284559717686588719054841911349062495102	40518347357252337181730834085272864.385062280460875320002080575052020282349779774	680607009039487675426129343254937873.23428717732790848790031031510836204743162281
92	73907220335258.05	46364678500873180532853967881720281229.41494086356622463958313713807445296316898	467132988655898953231656914108492913873.9159729063282153052263170967360204012778	1509733824763855628426255803420735696.7309982706778456135327672690299601709813162	191594657688769182593645790621865678030.60756864546577220559963388284324034987597	227059299941620184502502103976226571.33266703248980074420862010597181323745610402	3111045455813598379451032765407729100.8149715411663359844230575361797477521460222
93	107226722201032.53	608732672320805093925501942375510141236.55564410966924981634463598502293436948829	3155308185798313243155690923992617026458.0916876224155921862952804741264525391059	513771921052598717344942581679156348.63700304295610803246717210135819732092688632	735653652303705443636492960173757352498.20535222493739825105321780209814513344001	1359046133232352586027102459430337494.9715085194980211258422957946504430251667988	14380696905834930040479707389529363790.442214983581135188176204617763290766071155
94	155567614393047.88	7047954593155326332391470442298010172221.3202309723788775983432947928092143956064	22844487590609375025024194829855354992863.188082897716314503701959578870853467324	18191705338316065951933716762870582309.52940143965204262665183153971687002882654	2581436267133680100249373843285152546849.0483842524427050713355011866892358322312	8735443281414573619772550709249828560.5174395516119000627011815846212194933950352	67519703620606753371637123325423684596.197650857868956065797769603039909855389326
95	225701971963392.62	75973367719427973206267265919969103288267.493193416578666502685517863052735582962	176050268548401118883455394804453053911510.76527942352548570258410860799169221823	718600134013084042037338200293382538874.17098731714695300669613576862976759657636	7642013376014049530759434088897690820053.8126069093672538609210993252388447129207	60333844060338784545265542563102886221.641400897535797839924969977356196019945168	323872520718264104499065393167243748586.08926874319007754771680153815474419329763
96	327454916287773.2	784201532665865814804020435506252085139772.13874005207823152773979490348705224534	1430262498060168327920103311431095616621612.3589967142798681229131052481438371609	12426268474226349202323501891017259918292.883308370536451220313751599266403396838	15271791301379761498011206901036606324808.030590552844342456594262405444421977581	445841182056344072830162668705303869902.96327783112078527484622422662984201432331	1598768469749806655117387314451649918018.6395420571875905961868289736659377624465
97	475081016210281.25	7875574881391048927306920487980445998749787.9886302948920037633864527072756421169	12121979661275987760663706132527658707368830.853044948631875176509140546685159298	163686476584995424328150970801707424613843.24052447354728367262587410194111770261	5890887373911909846605733229957834260245.8007451109181867573956830282008447253729	3496158605584687230452916427531564148632.6960128711757794856679446530268876077855	8193039628101736169047689732314396070641.7792154871620529425072841242340462892528
98	689261210434970.9	77694894387445147493090465221705475969888767.434996911899241170691555853379410799	106131932711311073489538457698068846595180573.61561849250405795166325575443491181	1893874294845358266188110754539019096192825.4291731309511434981612823728483050539	191284564966119672910947629078305157447382.41020873204393470046578764224400734334	28798619629596953906468785344066551409411.239788162677291404729195523234914034955	44004413811420419840347698963409749333671.444007549238724119135344392768749982513
99	1000000000000000.0	757481020800166080632491522644676516947340565.91602326676804876399445342527844047	951921730354955940945282380667444024020335601.00420309056593442569571810131793449	20392476253274685650705507855927242135935757.660666642559346610455559207813027269	7331496645344191008090364819082765366345272.6509365076726755058099624866965917015	246604784064582770789324452160325269563179.01995835267380492363967176137958066297	250015210125450339009658181440542054331811.00954095043949238497251162280168573183
