	tb	Whl2l3	Whl1l3	Whl1l2
0	0.01	6.8031231759224485036998691352020386433514844732175462036633675841173697413442685e-29	2.1304167666537026532206372335991551873493563367077921760671163994705686588869609e-26	2.5940739924163107169311870042292465268894189231692695963803174094635626694087235e-30
1	0.012067926406393286370831703097648327681054619541514018611023822896171655598308043	9.9097114336784127019895573556890411306383858759080824370261083387123144924862513e-29	3.1033197251742401094588913268260709036843376673606380933939192104197071367091064e-26	3.7786905540241251264217036233311508983879367072025807890375653578447756996650502e-30
2	0.014563484775012437879551431015760647213295504088978407870255413479452815956562062	1.4434402044411555900603749691637663677602628921350508206984172112193732835205469e-28	4.520349323577911336867669285751176533755520915274174965257338344869489974374294e-26	5.5040736266417641746879247995782014735866523017415201286970247864971369018803501e-30
3	0.01757510624854791881389007655886166993236741554122847989724604641788810811682431	2.102442968551211111330522687374313487689909064806559723942815187769602572426165e-28	6.5842117911377751725467254894016937907926238454192325119583206784743590319470351e-26	8.0170359974397116810214588251538808620545368689439153110469943271816649405900404e-30
4	0.021209508879201907836396125355583367737575633496271870914196272329262573371491035	3.0622411265909563238237503160170727533779000279237091047849809175904275946616384e-28	9.5901241542165615159505855981929113071368326947296852183445330675078224119559934e-26	1.1677030261280604172753180045320445112814181746634776473127444829873414897961648e-29
5	0.025595479226995357855864723011921338642165937028782850254378699345568246061328799	4.4601146754134861518805930173390890009334007772806207041729983719894141652960393e-28	0.0000000000000000000000001396803264274286932835885119914582586270152820880986218865597684308776711031263	1.7007553284235073619108666896787775879815206385582386036741506489099641669933964e-29
6	0.030888435964774810024309268245631085834514206254223003826152793842376421873227427	6.4959936858832532581223030435985086156168386383627820715795546499044608021688446e-28	0.00000000000000000000000020344097644473721152067505824866555095088484047787639890720056821137194690160859	2.4771009299609890809384188072239015442527100526277861374715268607864844876828579e-29
7	0.037275937203149401661724906094730409920771828011093488533716004749210918776517449	9.4610490795153892068656857933909271463332165765421927688595797801412787198125453e-28	0.00000000000000000000000029630237505384879814247396453313654000985927543669788372100377356520917777392395	3.6077736992935837869171565516228138864773720221031869503124694801478155210344486e-29
8	0.044984326689694456873860736695528310503248313303876439272592381251367183021484705	1.3779330854570297156044135026009166980080366170805338500202718405369717234193513e-27	0.0000000000000000000000004315453582576707591412850356470535551544141157118792136552181200880484799896573	5.254479130462907341411078658129688223690356083487835843078305991212252498316778e-29
9	0.054286754393238602676798984874106473943548354354393201062994322287812924626477909	2.0068407954081648814277552440272903849053310289027014839784166029795449551556528e-27	0.00000000000000000000000062851160276488728758580386480864391877433216581229291169290608192652875535819044	7.6527185475613938670358706677785600182402728518240680094904676726861723512919155e-29
10	0.065512855685955088172143357749698516583371664973660732634356399760463201996438171	2.9227681149030801165569037550291919825654757483378065812109722618039511217238383e-27	0.00000000000000000000000091536950936902060060387034377343219682084242223777627439260502681696861708638683	1.114546604690085646715598020225041636358555364286107732699004510141448399343053e-28
11	0.07906043210907699651382174822251403671463110229233250674563899965760001140583328	4.2566997464821565523363744626735071501478069550850179837777598063880254166736532e-27	0.0000000000000000000000013331422962341119331163915938845531270236618081925055712592899576489846395832016	1.6232213898399841946377000402599418454397828482893133567526461396971623240372844e-28
12	0.095409547634999394893688456164751896398409448773263887051441348087380994586436429	6.1993957662812638090069809900937169532420023623557375298384923883550853831203509e-27	0.0000000000000000000000019415743084040405194203642317828348659457333205156963399182874637877200424625699	2.3640399764485108573553757792145588059959626779785155336682027773040398165973865e-28
13	0.11513953993264473221636278961711728389157571711570068536670971304545183680728938	9.0286701177662232014232646398061421140527243101213566425512161594162139123969591e-27	0.0000000000000000000000028276744077483548251520064398790612829248834811057939492698360740584500036188206	3.4429429610148455349380860773468447324751562464107969340868291994995707584567101e-28
14	0.13894954943731376371299852173530116221130467144910002049456286790316002424103166	1.314911758405406453053169696454866352495001051759615594295788743465324410405995e-26	0.0000000000000000000000041181581188064051837965168260514481389474258714996313967985304668010069959825874	5.0142171226491753185429510879255273555586210664272823505028263886153625574005636e-28
15	0.1676832936811008174846240909253982052052040628899561221902793429885852725089302	1.9149970048852092807190624246261787544952669988713415606022117515933110151825599e-26	0.0000000000000000000000059975677100014760104044976889377407020769494034725450553828550006410711519851745	7.3025581371152057164907714631436155850445906350237019919330328122550999174279684e-28
16	0.20235896477251570524918283587533641174105509975487521041540776577819665373568662	2.7889355255396491206645787058971869406258577948407739508354362173193956557590296e-26	0.0000000000000000000000087346613052722166549951237328976066285502721133433944926159208357651887097960014	1.0635201528731682852302752870532728361967804351584838129607701368637715026007091e-27
17	0.24420530945486510852869695103055876012793471774494561050860404041477764603058766	4.0617006686525367778770740292678195074141331337876331516106569317860391681587949e-26	0.000000000000000000000012720844545185854976532448052050292239273936958264657132273006665667879738688485	1.5488716437844022389929684509915456361876918930823251790200305409068097931422287e-27
18	0.29470517025518107282748546338220559934440563519253123318971393973778043167440063	5.9152971466536211572852366942994657079640822319823124241752273980504461523595713e-26	0.000000000000000000000018526140323974345010635044966774493526074455767985961224069071448220408689442801	2.2557153472272730380066701776002093242787821648242686452348979312022956644873756e-27
19	0.3556480306223128953961220246950504315163515207154931275609418679537334910030267	8.6147870522507930356554612333480897989671342054641500337391075133614364410428459e-26	0.000000000000000000000026980699947155803312930209104525385517022556078401372276129378088192874620544857	3.2851291394625303275409904121518911504879311333193552992011788694115766982412853e-27
20	0.42919342601287779264020686601912186785362380472290566871760520861459025568030466	0.00000000000000000000000012546192659162699027252163510260063233555856188306179656612254335883334422757754	0.00000000000000000000003929351126864249695892465814680419003428604818852877825037213834501856049209293	4.7843174282984108808556999094591668900649377893208771074493737100735239140853333e-27
21	0.51794746792312111347551746779609533650207263865787583874128717424065541975733879	0.0000000000000000000000001827169584319755712993832945306893985707540900274162774813537226567379642841194	0.00000000000000000000005722527818784848020537075515948828304672616214181527414046524172690803404127398	6.9676606929680366512343583540803643543047556408535844288229615531308407134298499e-27
22	0.62505519252739729431882739394106655526183216675079429623473110409498837177134611	0.00000000000000000000000026610027204955768130899396031985586289380708503628070648715878396930359712184634	0.000000000000000000000083340191814462180854907575237001320799903064755929348789619331281058676924104689	1.0147370758782794299191445053528916913952162532614110663845699070468924577842012e-26
23	0.75431200633546173748017424375542429090041902022968630818799222597600684781103594	0.00000000000000000000000038753539817306230368846717722648277725662181465173866196679986216746004929581199	0.00000000000000000000012137259415103040387140410091421617139038843776647846756460435876585055989247233	1.4778135223451958020778383623871478678773019650832634970841840195840891147356228e-26
24	0.9102981779915218627386089038967164583031447484772863277743782422522914841134995	0.00000000000000000000000056438707944366841804025766356232273626431964029686744417947315492613090791786339	0.00000000000000000000017676096315196440596946805460801704628150081293125838074363492676101167120559277	2.1522134709242997769417519578188288715645583016451377882005790286968589651515525e-26
25	1.098541141987558259826656320563318407830293553669031262131825886223328827761042	0.00000000000000000000000082194430047931674299758660201194293333263559973465764105273948878335699376598273	0.00000000000000000000025742557224610554431250373011305201292229723916043885298361544259335356398909711	3.1343729607535836039775789060397568025642080886980809214742975975468234379152727e-26
26	1.3257113655901090906167116237468797073686628530746431390980895603225555179182196	0.0000000000000000000000011970364006305374033174874493524057301902139134581040405787697882446295609198432	0.00000000000000000000037490101826257415134171062244434105111912050449939279928831089892181984996124902	4.5647355178289133986917643533527651325167740732573587133691867163931155138202044e-26
27	1.5998587196060581478817336190603642195134616408119653263591200985837842236926029	0.0000000000000000000000017432993174221384348897817186008582916734965936540246216435609279878565904152868	0.00000000000000000000054598555014084048715644645530419627322449095908079775221982398507496238608869646	6.6478341750422575772534125519454438947344707072372496412121898768648470531117176e-26
28	1.9306977288832501670070747998401890352243827965414066462140160342784007428985121	0.0000000000000000000000025388449393434226396566192823731597065331460237068689903572481798077029707398561	0.00000000000000000000079514302030155607356449639600810829332686520381431228869422493092556809082322597	9.6815373527124378630619391164624495324574571674551952501163413601862291894216266e-26
29	2.3299518105153720684494092859527478347273467268421426356625250004429227852366856	0.0000000000000000000000036974301276570929028802556826786165883173402452092508083308121102186777375447334	0.000000000000000000001158000883779135392856013339699350390170759639721585605824949833301280083108911	0.00000000000000000000000014099640125528771141349017571249104811671876882829029037368186738394807451774359
30	2.8117686979742305345525812445227594539399232741198785187662220162015539415736466	0.0000000000000000000000053847223136379196530502451358060453223055696730676354837740924171901842813620547	0.0000000000000000000016864443686838332747905004804601287463561860406572902118562006929683138604941629	0.00000000000000000000000020533890364691489121869100783153384376505602596380095007106905488014551643457286
31	3.3932217718953285682303058812689668575375126393154853246620000400041515194126803	0.0000000000000000000000078419872130155270192116942042501771907476725065213441251494749007233107789748715	0.0000000000000000000024560351339532459230174362827695952898472008516318449235716039246244485910573494	0.00000000000000000000000029904317724973936540294781392731599921072800440321016614662159639100352029315024
32	4.0949150623804252172688515885272552185156378658124161798793975978986367661264694	0.000000000000000000000011420585276731827066110092368828135365565010138933260744339311712670440356341417	0.0000000000000000000035768150338776362470933289068731265961195511802713192232892866200195277645351223	0.00000000000000000000000043550779600337983010554046898354939499482657532442034440837716708531850731223121
33	4.9417133613238344980734735821227832489434919727688105147757416971905238108606303	0.00000000000000000000001663220868875103147799030854356995219650172395627582115200069416990583131232382	0.0000000000000000000052090395216631685703670531597858513550299297657750035309190410263660696565236644	0.00000000000000000000000063424530348866943389865588356863478604871178296425614356074909283795204865579345
34	5.9636233165946429970040215544374196658490464038351738025795745070676082535696356	0.000000000000000000000024222040904850918368379374224190687176353632809783293227659642229282508283920704	0.0000000000000000000075860899165234228132961174286511170293743030156477374996918678530999598709280066	0.00000000000000000000000092367200525158353401629672051360440437740056260010633040324128411050430298161454
35	7.1968567300115201992878642496345693922298524210175791760133638728267835923711891	0.00000000000000000000003527529757667283402631532486183889982464103782143249163894530756333077602861572	0.000000000000000000011047839966820511504060506318460662608439040390256613050382274068606732502672781	0.000000000000000000000001345170681518732458714332385948151301141963944165940524801697522404071917788718
36	8.6851137375135262961930348246549792164798035775825177812987777845668968699807476	0.000000000000000000000051372379738734483702846182165722821410381223957143038490231592455839452327063776	0.000000000000000000016089246588141116453790094939937275691428856510015686245605638350814559954824538	0.0000000000000000000000019590070074208797774849329522890075949011545029633270078221186120367082455777456
37	10.481131341546857363409056581557875156048240575165396305880830512232768528674792	0.000000000000000000000074814819841411107617385962568751907591969151949534110455195147540021421478446182	0.000000000000000000023431111076610765109490332358546280114483834078372386756300935837548943830237486	0.0000000000000000000000028529454733574970516893170510615448662246937416717819038630766273078028704561961
38	12.648552168552961096972707522111678651826997312432469589115356900830352698978727	0.00000000000000000000010895432301215986334925554265083900084360041574448461515107278047079631650897634	0.000000000000000000034123126935744319238979214988589313377144845319292310617556806008897946735573408	0.0000000000000000000000041547965631172656948370982598550374079022370067858121267780888564181704747150987
39	15.264179671752334521029332600933794006282153652653988477642818863722161314752497	0.00000000000000000000015867194928936582194442795773080981956486142885687011226024881033894484669812919	0.000000000000000000049693947707685409996396412656784893817441261422050292336719539359443507629213473	0.0000000000000000000000060506891480912318305454144129209019401224024223770614941469242091052814730536962
40	18.420699693267160388530177789422395807622920470012449505203533703572018869183133	0.00000000000000000000023107596146238569540138178211554012280073755310975412784812113196915233095240539	0.000000000000000000072369735095936340899612526786999007962297283115284400045949284330905044664538949	0.0000000000000000000000088116811169019151707253896690929967242967638972747783219473842946250600655719987
41	22.229964825261947539592626001799795797192860819997213241334602249960697687068685	0.00000000000000000000033651816336138741820780940675726452912060886166960087367880111933468016028883166	0.00000000000000000010539245110977096752307818549537021028370333776962922971486817721683624871458049	0.000000000000000000000012832514887444152979236977456555530660729609680910949848378988480211026308253124
42	26.826957952797257476988026806276250153538555723672234800423488895394838190867641	0.00000000000000000000049007418529321746176448212278463846417588590045911777622118528718637314196900527	0.00000000000000000015348345175222012253789950296850293340766914909689427016359940067800396385428191	0.000000000000000000000018688064726689612051144793842827237648666046924876424532422843738203809693903474
43	32.374575428176440200463507481019990365065674827041589898133544750303030188022709	0.00000000000000000000071369974219529042539330992818684297595833242043056074774851132629250203156228489	0.00000000000000000022351879563542616289369154789243201524733817633933232269172487631566228725683936	0.000000000000000000000027215561838838417951972159323058564588673383417207647599145428731528003391393982
44	39.069399370546169839961823792420583050475813108562302521690784873635809981411583	0.00000000000000000000103937209749657390156580459589983439149346641391944826705365069266200265949986	0.00000000000000000032551314430121313556071808107837828135908756599888801381983398352805484691453242	0.000000000000000000000039634391446288802538326234861082549492846807769908918617700681450731726346088556
45	47.148663634573936394285261590997635660214107438489150811938451854304556210704196	0.0000000000000000000015136681205354988515498624888477386478653012903186335538814094214883614765761633	0.00000000000000000047405369955875563889202753414975333109804248596535387539207021701562658859941697	0.000000000000000000000057720680422065778271960523316099837416191590370604021261986426566971867415992889
46	56.898660290182966838236581538659148147672461074100786049272154012203997307400899	0.0000000000000000000022044386602237111405065540004606470093732504795553106562041348509328114556669439	0.00000000000000000069039098323298698589781803414248875285727035409058531853553196838468355685296935	0.000000000000000000000084061846800699333392690308578229678921645861291302141353700119613954662432363598
47	68.664884500430011568928957050458235481636930305557967940049343998829725241548832	0.0000000000000000000032105452506244536231720994620476265189029213433404982691741905702109326584521892	0.0000000000000000010054894504722856830701042494511515338798826914558267991172823181610267454826681	0.00000000000000000000012242798150639892501657528686368662342034161532587100496207358832047385922875906
48	82.864277285468441819631542975493917246694418557306235203428554614321256969511117	0.0000000000000000000046760775491157490911651485175850762314948499315086135502792708420350726428011474	0.0000000000000000014644831940426899195315043889541207426363246109178031111679211930656433233705846	0.00000000000000000000017831422662230494600376655943220126729904405224536176450278118107494630426388088
49	100.0	0.0000000000000000000068111424860776441129325029016017058560050098577640245334904250639346533948040728	0.0000000000000000021331939450977984790399572520675832696066203040526301253591049293637827677294172	0.00000000000000000000025973405811444620966796990209220122457948134218959282804165645354566990596403993
