	tb	Whl2l3	Whl1l3	Whl1l2
0	0.01	3.1611912286694746397875148904846441788624397652418593043152427308401396656096913e-29	1.523489919166168171508091377863646738779046220370962227122211382886456961702234e-32	1.662575567052165617753784868808219109357834693317254818649054526333919423876254e-39
1	0.013738237958832628959306640160922710114013528181478819177613092599958307411861814	1.1260104752502439432958222107855089481984713071721087797447680741196626939925029e-28	5.4266429451067457249494173178030842231454534751138175489976635873035634360741481e-32	5.9220634532248683447739088473876998872478502888647327802581106477606204250009535e-39
2	0.018873918221350971931204631342434726742218968656826046851596965677581191347291115	4.0107163757777628934364119682065830084674828236295406408714400915980702076093445e-28	1.9329061499717854560714681941583018820381696723738625911424197669113800135260964e-31	2.1093690860171979216668133933666017556786334893462867104969625183393842858426215e-38
3	0.025929437974046673951215012362738752356098537488479576683747404108015213145184266	1.4285149470148435430459076848162068905577391107080835241261184083732842540443701e-27	6.8845190427512044961330950207804526658530917450475529670075157177007317345775295e-31	7.5130350436766294261442787034478585428651999454036148909511734779633525075589484e-38
4	0.035622478902624423589596848124362646760208187556644854310565683345863025258945991	5.0877375945676701585771087194490269131799682636303325608584924029758011433284942e-27	2.4519607881959652467970822143957565434737479727994865966584286554093994499730217e-30	2.6758103526249456699771578258325113493749454006165705895021232769591493337649132e-37
5	0.048939009184774934951308495166382768440101385537673004792083951793588583641605928	1.8118953954518151470722394947017433216483324293777910940133242569196647180732127e-26	8.7321650918165924333396332152736602622686962127327959747719353728904592074072604e-30	9.5293602842255453415887926504434376106349790403513573538738884579091383177587613e-37
6	0.067233575364993368332206450845227735732121873270195970257640915340179069214693141	6.4520578750804159793090031998839393064927908228417976443346749027748769017850313e-26	3.1094750110068285763660997610347831712802925596944548499083592462728379969327499e-29	3.3933517476037462812197049182167861354537983419201442671449653256595613629507193e-36
7	0.092367085718738621912641280458004821038467316871551007576137747161105114162590831	0.00000000000000000000000022972269369569621511506927050210949178132447010768490945839608107789270694070206	1.1071149536132149574320757641800705220938475288783734782805108642008691636827085e-28	1.2081880218825766252658690213420058142965114127237624001842443547796820605413999e-35
8	0.12689610031679221578970395628108583258419507408671325523457316446583446065123673	0.00000000000000000000000081776360593417863640114994139307636652807780349208564825380289675996960489985271	3.9410922015814547776293728365382569101982725818534803932858374719561298352014713e-28	4.3008906848792026232668176204832975581459385672037031460398394763215495168765828e-35
9	0.17433288221999880117078795512374760016284128083952683619494148122160882999011503	0.0000000000000000000000029103099474743208957254642277751602097937359170059197129721878908307587017011599	1.402581351743253970954995619051882271160762086088865446359198754124444618987559e-27	1.5306287602399205902207488441938199700642336698158681019422143679996150270694097e-34
10	0.23950266199874854432547785997084113252733184257230380782737663195513291327526143	0.000000000000000000000010353712991097124634008783515591824485605514386392780709753783221404186263226747	4.989820680514589234644157440320069067667606215269540096772049328612769230459452e-27	5.4453618911608327327426359934965204139276729670922546492258933943404461682088563e-34
11	0.32903445623126682523607134369212201097909084103455092925569743072476969011836073	0.000000000000000000000036816316981623573030489295713231158887512037650472227460643249465754094184274611	1.7743085984057144352985989359148661953637000432686797363657056272625158620685818e-26	1.9362925130049106985534935379696880349966056197356621755450009376517889064752017e-33
12	0.45203536563602431417522135832625915658649537182493604573683842416465698556271242	0.00000000000000000000013082533739225091429787223996562036318330743067613936004427280971794873660159862	6.3049359646773363839611287969693869080792614275407372389382136559110172090742037e-26	6.8805394475062935776631107963182196465413544107565335952034110150179032697539853e-33
13	0.62101694189156157812722630228819229975661586105626320239272156195051287742498604	0.00000000000000000000046445137627980273158812105243005998443386506689155925366824785152116895329326587	0.00000000000000000000000022383555391647449129385362564735713655992107138809452912686597611340290226784106	2.4427042036667881691028727799437377688796268508487812666837024637837082160626244e-32
14	0.85316785241728082825608060820294530715751716194991590081026278704584917856620063	0.0000000000000000000016467697406370965577585473532828389072738838782337270160457836490077592217761347	0.00000000000000000000000079363661277285536240953922279048373072631210615799222018505560705553026659682805	8.6609095663485688200866286966571252178177993259356690364144392568481191722484423e-32
15	1.1721022975334801790965447253122265554735479827991093099677316207244668635442309	0.0000000000000000000058285201698551640534965744887111845274508814673067014049168615093490891459159448	0.0000000000000000000000028089701255334791375093736968147312615124482405568592200974414538751765506948653	3.0654125377130465015424958761706538368988612721272520017541068437177278523688189e-31
16	1.6102620275609393488501012398230948473103578666561734852776179305518737939847812	0.000000000000000000020578927627870952236954972565939887177483095817120223047112694126865239121125799	0.0000000000000000000000099177134568690172632554650051409687872081163618951098307337533435782181966060408	1.0823142225607602212448759883349110865384602237919568998573502604131561588139401e-30
17	2.2122162910704489916727329751434716389435985722791442906308234594477970470511248	0.000000000000000000072412944036100068004456413435932480579025098756372432699407231131219103693881264	0.000000000000000000000034898360230670239664368566337636476844565899320779124412716688268002191958412949	3.808437477646925804615243010688929643678825345375256467667403969317445173153747e-30
18	3.0391953823131974137696349371803063288044662534908382967664606460234330724345705	0.00000000000000000025360813408645378996530467708152130792344600711165094804371218423198366007599519	0.00000000000000000000012222273432723485921592922179446921454340732155929767424893489014108646287773501	1.3338094940725670309823300467921136016409221399121850691934898037599627938906395e-29
19	4.1753189365604012642502414497470009642797121713815425416076323801834927118566092	0.00000000000000000088236673904144216848204846222298451291534623004701619146598941083385264685208931	0.00000000000000000000042524375613396856736902243053210154236021747690949069191712412436461821469435857	4.6406600404469838882054007731253982184512159334153259469937906949647798931180049e-29
20	5.7361525104486790069155449911464680903262027517365598128824908404309662067405704	0.0000000000000000030416418534021598632423331423696369127757485280043150427174277986376240875157385	0.0000000000000000000014658748446934276474594404541835349528281225062255323716389336499546178531323062	1.5997005759496965378298462686714995055685097893843989753236375497572199888823945e-28
21	7.8804628156699120238963939650959616422435469520830615419619134906715500088770656	0.000000000000000010347711494375198955259420516451273303842408504988668784804548009721035528541985	0.000000000000000000004986928346867437210456631952790364950428764795222693380684106315169266415327304	5.4422055045034469394087960372019420410924185599968327888137239999493304928580202e-28
22	10.826367338740544411827995675262436005031371380487483959158871306356671459556424	0.000000000000000034541111996769156680050449743692828791691427582751982567334736865200564402679509	0.000000000000000000016646584188459906119092792629589296732028320292898574077205269044496350936205183	1.8166319184939499226515725507729054222053409184851141023689674733980642145123387e-27
23	14.873521072935113812248709324062362464042979732199789914551044510409996351888189	0.00000000000000011212812494293214063088061840893662913796783228955311153793706490441655932942765	0.000000000000000000054038511323296741248393558211012328475486999804842820678759776225594102737148742	5.8971908823103620285644518931018648856679945228681129335175343627391926331946774e-27
24	20.433597178569419141866864955567337835025403986937927319136241947417341841092917	0.00000000000000034895163726970828561336203719867865485914789569997274784049988986581126723604998	0.0000000000000000001681721424618425797926623534945745609774164770253676036133376551229327371258815	1.8352526760984684538299574578407645459642780075848390289797940680474643865907994e-26
25	28.072162039411770294649050521142882719381657537648977826621751978649099364585091	0.0000000000000010158232425130839202824868654005402001142548906653851491075731316515517311372031	0.0000000000000000004895611678243037144958011223734157026245321442847890089916865243295283583606865	5.3425521623910025939984665432656997113842202890718470799740261749681218803225204e-26
26	38.566204211634716971828722171621921450773526016132459693675945886415091685960633	0.0000000000000026396883481839411024827127050621498816980879567226800576417425270048168774517593	0.0000000000000000012721592264733917204146141956409594978258446373292771327931111351290122289331856	0.00000000000000000000000013882998638364788404385691515845295898316470465633299636376226597349785070300933
27	52.983169062837087241010494475895962312695181866772851224911213056749946581345585	0.0000000000000055074063456188251253385363698952126346439070674534960707683559002939897653125866	0.0000000000000000026542140102778809463379028165794559007977948172827977270412202462097121681290802	0.00000000000000000000000028965281014991940530296924057890929820396068512796303550338504194943105918495116
28	72.789538439831508002216568650880149607903278294428831621169021730222263719965894	0.000000000000006570056772551369964156340084018023452295062402272866148725139521849236647971826	0.0000000000000000031663428553622568560760587774840171101244120407135931624190254837361432341537921	0.00000000000000000000000034554112908844837580207602125603454864650757699014491815851850321728591956721468
29	100.0	0.00000000000000000000079057448106021133624330387124424681997938408929125202709269789352231564041231958	0.00000000000000000000000038100581873124929074655830600454350443005676887718992434665522819572537697958302	4.1578940376184346316874596299478998022395411787249552167846952824192854377524239e-32
