	tb	Whl2l3	Whl1l3	Whl1l2
0	0.01	3.1621398073680983474487223468591656922288035408842939113814653746779972499878227e-29	1.52394707280868831601039692754862783950298691865597733455015106177094687980942e-32	1.6630744561270988354586839206380766501424787096988060541370006170866811628531467e-39
1	0.013738237958832628959306640160922710114013528181478819177613092599958307411861814	1.12643258575118940956666985341957182006296604717967498501280288891718922809948e-28	5.428677244984375298188190937190028923776824544721714318956657828667298207138368e-32	5.9242834726881118289107813681830381579352047055939163625478517253389804820765639e-39
2	0.018873918221350971931204631342434726742218968656826046851596965677581191347291115	4.0126321021150421404043033586114694138624929236173984803025908823434300554650492e-28	1.9338294062861320183821173211689302418822398837705751961417774374958017337091661e-31	2.1103766301899872949726780480698683975587180211445147440151356785635560321512979e-38
3	0.025929437974046673951215012362738752356098537488479576683747404108015213145184266	1.4293990240158657991459005735246275679024049758247380769592319745199635416238144e-27	6.8887797226702455214829784337074148071684219673091543483039597106285751287434174e-31	7.5176846985534430686575505866734255399901674094880782807117533782351420393027224e-38
4	0.035622478902624423589596848124362646760208187556644854310565683345863025258945991	5.091873657643712112799736538295708968025918795559793902912829259133697323571999e-27	2.4539541033564775350188747177014161708833363679373544190360195331679373252456845e-30	2.6779856457080244334209313461013670029775298844983972427319520139528982211007207e-37
5	0.048939009184774934951308495166382768440101385537673004792083951793588583641605928	1.8138516194424219163804237426703066864706612223961827420497475278921809581983309e-26	8.7415928274824756102177467859193017237663379988953482060485284422357280085536044e-30	9.5396487165765138610155728566392585719937715638984769921536695733897679433283936e-37
6	0.067233575364993368332206450845227735732121873270195970257640915340179069214693141	6.4613891046078819429014894031662290564131170311226163383664272748110872137052052e-26	3.1139720607232747166295796901056361830513922437562914022059294336806628445517101e-29	3.3982593514469501299447761682311835585825347343409263394171112518960414540439668e-36
7	0.092367085718738621912641280458004821038467316871551007576137747161105114162590831	0.0000000000000000000000002301706970605415892153263730551039071554098461168661183130773379173106610958646	1.1092740403647675438472821098921246393610644684879619060147839765759901926596514e-28	1.2105442205256513533032985588075198719978114767425356390854651481565004915013227e-35
8	0.12689610031679221578970395628108583258419507408671325523457316446583446065123673	0.00000000000000000000000081992508000415001903179335359400756730363259436758494465753816616966898603814765	3.9515091100122885153207079474493412924622881427482886316533811671792362461652396e-28	4.312258595636894264489742145636747801972405481270513971458921727380370014638939e-35
9	0.17433288221999880117078795512374760016284128083952683619494148122160882999011503	0.0000000000000000000000029207763864180476685026659423130670309337003568123060937202794470209178650824319	1.4076254990494096021424712017520750582570993565521826024625580986649814276010444e-27	1.5361334084573609041580425153177526602690528413043116511611314979881516521672424e-34
10	0.23950266199874854432547785997084113252733184257230380782737663195513291327526143	0.000000000000000000000010404529520446050409504636078611388730629194729349262368735395142770218312113042	5.0143109642683769196260484519043085952226517745191094801968212383713615112185876e-27	5.4720879934388884967527728079284831939856282556248243303010268597017935990552849e-34
11	0.32903445623126682523607134369212201097909084103455092925569743072476969011836073	0.000000000000000000000037063513333382244200578870430477343829007794967254824829840916235857622847859306	1.7862218653584858677732863280898355560253318663767847601646613688303095034866643e-26	1.9492933909958122045672461853765200314640792903065332505550454660747256164449467e-33
12	0.45203536563602431417522135832625915658649537182493604573683842416465698556271242	0.00000000000000000000013202942217755480183615654532032396628703158502365052381693904293615379236653968	6.3629650714139106568047020203366053871644948083811700764475728720406036102375595e-26	6.9438662695773541752477049401610007698592984642834035477328297041043547397519062e-33
13	0.62101694189156157812722630228819229975661586105626320239272156195051287742498604	0.00000000000000000000047032153060456391120599862519178073785199934799981503339475108349401705544029889	0.00000000000000000000000022666458901457814118613815801899693271004334213706375104609544743555767390297509	2.4735772969066465736935379663732797371052120422834173574791290685516774991591567e-32
14	0.85316785241728082825608060820294530715751716194991590081026278704584917856620063	0.0000000000000000000016754018801411105090202382841321652429539774595776764853417043089481591031067105	0.00000000000000000000000080743545401438455214128749742775274410526718886077956132628418707614904963028967	8.8114955073067767431518172335077785645027457672223989092776508055945346078429745e-32
15	1.1721022975334801790965447253122265554735479827991093099677316207244668635442309	0.0000000000000000000059681968128744002346347041962748468077243653265893941193696739743338025512093095	0.0000000000000000000000028762852425858386658245118802144854116073302944143108763177190667915409118263824	3.1388731280960554699434263156589010287214951557671311145105720290085258429560694e-31
16	1.6102620275609393488501012398230948473103578666561734852776179305518737939847812	0.000000000000000000021260196505332864721132065474604023430549274249928225400027324739317251123959117	0.000000000000000000000010246041037194401015415944331165782318028800799223315212141908342491804050700892	1.1181444178361646582688655761919714600575668512768192748249624750451201357167586e-30
17	2.2122162910704489916727329751434716389435985722791442906308234594477970470511248	0.000000000000000000075734090147686947223281406759694332183638182584579185849433589653156686860985069	0.000000000000000000000036498938068288161716961425878541278260128202369824600737422692883479563283911381	3.9831075934456043781621235642474581003741879735151134026957983228310671278185185e-30
18	3.0391953823131974137696349371803063288044662534908382967664606460234330724345705	0.00000000000000000026978360284954344939863815088775980671825868084376492431735034867615169122324393	0.0000000000000000000001300182651305790473947351591053263407756634843577179876796556732218346194016145	1.4188816621439918178464281417086971398961821258129285382709558220791926461847365e-29
19	4.1753189365604012642502414497470009642797121713815425416076323801834927118566092	0.00000000000000000096103607007818678522398083588063037251144655881995214599474205083094231757949313	0.00000000000000000000046315729065698808626947241438598799907310593592563711018911768255115490053182929	5.0544082075045023797545094314680035448207769891196009207911688617768402888687088e-29
20	5.7361525104486790069155449911464680903262027517365598128824908404309662067405704	0.000000000000000003423448713102129583966453117933697565542664547198903800808566857031014408925291	0.0000000000000000000016498810815025246159991933752707717820123477435833949210701079664827021890894533	1.8005054973708086580820294696537246145947660218188839794019126356219666428513784e-28
21	7.8804628156699120238963939650959616422435469520830615419619134906715500088770656	0.000000000000000012195172955669734421034680159786547855197359743397711751779261634187609444944368	0.0000000000000000000058772854017662850260509886976373534496208478224215036415701407713008352298813462	6.4138469094150925998806778024158884102098039914204127451432706186542027147017284e-28
22	10.826367338740544411827995675262436005031371380487483959158871306356671459556424	0.000000000000000043442229132720104936597693817164137228228447068052197283212527882104439524027437	0.000000000000000000020936347522912199752311977234984415762002505593612512191658198437093174401533669	2.2847712621530199860963223117228180267864023465357697886523514643025705235260005e-27
23	14.873521072935113812248709324062362464042979732199789914551044510409996351888189	0.00000000000000015475198907632980486303044559872606117098024767618385172477219430207111002207492	0.000000000000000000074580459793295294654852971156982726267820890818426373885742405854873949841328903	8.1389216083368530623166175912974309746926999813997865369653262040846773189608667e-27
24	20.433597178569419141866864955567337835025403986937927319136241947417341841092917	0.00000000000000055126494660107237338433452047927649188792651923788771063237333845687429846062598	0.00000000000000000026567408555346907133164423939787833736454675174386032989458243223588702838231857	2.899285632830935901674677068372843744758839398829804228178043190436456913800803e-26
25	28.072162039411770294649050521142882719381657537648977826621751978649099364585091	0.0000000000000019637423930053080068234026491304578791601741843012359652555672700984672508852879	0.00000000000000000094639695076024881525854820686299254962739059820523520263294510555730590296265127	0.00000000000000000000000010327974128820211503241954781782418555951817220815678875578083936528206915720655
26	38.566204211634716971828722171621921450773526016132459693675945886415091685960633	0.000000000000006995337196502078392116211230253210314822721824643415239188167246322495353344187	0.0000000000000000033713005411965048862995911698294040866509932312697585413445980299361706828631137	0.00000000000000000000000036790804051074884510415808043549380867889508032140345706027434721017745915403512
27	52.983169062837087241010494475895962312695181866772851224911213056749946581345585	0.000000000000024919125169913916928498980982275083706068077674953390184666001658176652785305694	0.000000000000000012009408240317879673389186385022010637934457389532587485879253099126090301950714	0.0000000000000000000000013105796411200042498240294697831876524736167457734056317030761339765805838915209
28	72.789538439831508002216568650880149607903278294428831621169021730222263719965894	0.000000000000088768101063711576052984605410368429899788022949776982761875758906218809006154368	0.000000000000000042780489167372757224103618270585492566125232402194257708059966421399654984662053	0.0000000000000000000000046686095616006439883466194787988481335314920329920891303792377367955506916248309
29	100.0	0.00000000000031621398073680982720685104460467630654340660692882310273577233964948415488097422	0.00000000000000015239470728086887375958029423058105538532602268829900904164415802744657418180403	0.000000000000000000000016630744561270959976536890956570133291478845824418035421273259318678532566262684
