	tb	Whl2l3	Whl1l3	Whl1l2
0	0.01	0.0000000000000028129544834343323457047446987054473479264761043326472027907658953603301438153544	0.00000000000088380203069830843676757976091137992602410163564271011527242441279534124426899887	0.000000000000000099523622820068443071455441443345104152909474766638402173715620218346194656209023
1	0.012067926406393286370831703097648327681054619541514018611023822896171655598308043	0.0000000000000027967486059181594132982146914179510776481167935708918965637883540139199342788069	0.00000000000087817699148708883929255785522768736694735766474305591811559491315328379826549904	0.000000000000000098864819531260305016247650324909300715930825206672667325013097757988214269276402
2	0.014563484775012437879551431015760647213295504088978407870255413479452815956562062	0.0000000000000027773323646608088200134085088982622373445384335643657979762811764330515378619622	0.00000000000087143293957147849404317030575914034646712851180794697220630853956268719082380503	0.000000000000000098074979597563986095049044499584178602222491923719284718737870052494086581901814
3	0.01757510624854791881389007655886166993236741554122847989724604641788810811682431	0.0000000000000027541051697507416554453786240219966630171080226267910322419099437586835735135541	0.00000000000086335829522800423007092337411845040356525161428790117309677107224821364051291741	0.000000000000000097129337327090354177741362732059288339495394270594067694157806393774556098636289
4	0.021209508879201907836396125355583367737575633496271870914196272329262573371491035	0.000000000000002726370360850302047680180108942827785081884084127308171147908291730445606260934	0.00000000000085370651047760442951532396314636967941327065768204522916250754665457986836611802	0.000000000000000095999039063664171240791747714604625016931544719921710968400718603320969844452835
5	0.025595479226995357855864723011921338642165937028782850254378699345568246061328799	0.0000000000000026933276126179867372126282961460095996112560068936562186447150345504909329562841	0.00000000000084219265121890542652589943613234251692721481033550107172806136074251094555691029	0.0000000000000000946507464695621977111987039489868777564200753575924130118607127213121546242542
6	0.030888435964774810024309268245631085834514206254223003826152793842376421873227427	0.0000000000000026540689521710800711672470988688497059785216729870118117507025297763820251569086	0.00000000000082849086747535984727318491819003594710813219391386447676081750003172990745176493	0.000000000000000093046345454824493339332924300679886977388961620805207055279248655311968850481745
7	0.037275937203149401661724906094730409920771828011093488533716004749210918776517449	0.0000000000000026075811943992028585348785271621889655193469380270354376123147353004121629924477	0.00000000000081223355644343017787764636699236561770044186102051738980636948086564109939131994	0.000000000000000091142855700132441109387489219702070437625262591883005169454134180873084803741105
8	0.044984326689694456873860736695528310503248313303876439272592381251367183021484705	0.000000000000002552758900327555235883162057034955350490716274129941424229209456570136094356668	0.0000000000007930133955887269790549907843377673658560390022021362588987209498230855407181149	0.000000000000000088892679619411174188579749255152441820485924528815736605072964764845433253789098
9	0.054286754393238602676798984874106473943548354354393201062994322287812924626477909	0.0000000000000024884337059687812526470693183938497499664412161651449468934693905013933716870772	0.0000000000007703899122847971510843672301504057704322674051790830946683142856997972056163423	0.000000000000000086244387230750429209811420210009006232536200113392428386661752755823843685179289
10	0.065512855685955088172143357749698516583371664973660732634356399760463201996438171	0.0000000000000024134281229812985212114164119434116085021116572263613485875948800107887108727279	0.00000000000074390286797810507022911986881703490279840304542831462509553039583970623288273295	0.000000000000000083144305353673928081633447778814017434046752252207207913767814502262597834586318
11	0.07906043210907699651382174822251403671463110229233250674563899965760001140583328	0.0000000000000023266446892164011992353329806948802858211745038976549333312423010688719205129164	0.00000000000071309544413426600030149792409808388062702328890116862352359671752780728474904224	0.000000000000000079539262813215158203322291045246382393075649678114280429319458856917239723785768
12	0.095409547634999394893688456164751896398409448773263887051441348087380994586436429	0.0000000000000022272045274049832018584125558519850102788697673882267237731485167272391907569245	0.00000000000067755093787564512889015748382187191379274381317398110725442150654616286702268928	0.000000000000000075380927397133615825041546453923521623215649967485409599718739269842978463557721
13	0.11513953993264473221636278961711728389157571711570068536670971304545183680728938	0.0000000000000021146525856360857541716802802312248622354699220168220988442809541550130985943263	0.00000000000063694720624746369719603418634345329605780203210300428086722932693240619528414327	0.000000000000000070632230704569726389356573196018257474332755684636283157489061148546958252892355
14	0.13894954943731376371299852173530116221130467144910002049456286790316002424103166	0.0000000000000019892493023754086302183806958812162349402475607269989572842823908728884343531413	0.0000000000005911330448458102354588789182117947912365988122311996346658179605074641998724423	0.000000000000000065276365389692704595232387177659156297856120772793686368368738590094780919253717
15	0.1676832936811008174846240909253982052052040628899561221902793429885852725089302	0.0000000000000018523687964286823598012764565906410782960301035603652357184433803963748059962175	0.00000000000054022935996726912214094180194720309263721452498805242186851745418105199930518769	0.000000000000000059328670177818903347262855234956017467435391123277009775389749269641579153443198
16	0.20235896477251570524918283587533641174105509975487521041540776577819665373568662	0.0000000000000017070199741429132867799858811391634338838949706062433675669333672337988385690205	0.00000000000048475432551831428902910912524378514633915896802437686860761383732970864567874674	0.000000000000000052851255942985495009160932916030511637363942607740617310818370265835553440485206
17	0.24420530945486510852869695103055876012793471774494561050860404041477764603058766	0.0000000000000015584972980285978329705411270468064599993593137722928550087678613460515344667666	0.00000000000042576432689518174539472500231908420408115676024896914112731932309826358326851885	0.00000000000000004596928703302266723640804336465479842416908400599067305339659725101725545227283
18	0.29470517025518107282748546338220559934440563519253123318971393973778043167440063	0.0000000000000014151532701583960802310599346515660043054002305383105467925046395231709188411572	0.00000000000036499029015874425886119567301600803478544228267068280552037722626926464856188471	0.000000000000000038886239658351302725912577194534563007581688236073461142666046808812374949596273
19	0.3556480306223128953961220246950504315163515207154931275609418679537334910030267	0.0000000000000012892766519898785589346325726737110220990383119310367115806301019089544581680668	0.00000000000030493326489545399980292638091185072141786742767733584199146410593929200307399881	0.000000000000000031893261794732173848477131245808870486739928455255830281538027399284426365839739
20	0.42919342601287779264020686601912186785362380472290566871760520861459025568030466	0.0000000000000011981027799813039460288188733728461989465537890362240347779273441178868976859573	0.00000000000024887347284990837822500966881495485664781313112209867579094380544815322982232179	0.000000000000000025365863010417935247284797718398175910460083615239766090083020779184372123214898
21	0.51794746792312111347551746779609533650207263865787583874128717424065541975733879	0.0000000000000011652030475703228642108856715011873540261283527700645541531794934578958079551957	0.00000000000020077653653623040760013400987471627177638064526227442355643725070072104454542107	0.000000000000000019742981613425422945491370146005914054921165914424827445536252979076797635515936
22	0.62505519252739729431882739394106655526183216675079429623473110409498837177134611	0.0000000000000012232354172583155910610543374410944971593453506804221843218907192430488576921535	0.00000000000016524248042577701170650207394029201768400916698706728587257487504395942495629083	0.000000000000000015498955526972485894721982638525286528205116875418737607596635659923965111932373
23	0.75431200633546173748017424375542429090041902022968630818799222597600684781103594	0.000000000000001421112550746335084758646273950818766049210313592299140566066474477446399373804	0.00000000000014817586299159007382039570504816671795610578462857551769446839454326270423216121	0.000000000000000013173951539482872945937381197337719841098228556391697675320261848970778598469771
24	0.9102981779915218627386089038967164583031447484772863277743782422522914841134995	0.0000000000000018440061955714593291379380423344255310227642610091590904357955853622929808306935	0.00000000000016033527751181285342531711486393958328737842199354262470759199546948258379799506	0.000000000000000013686185786492451394968616108383028014755202919723910549213948058017162933854084
25	1.098541141987558259826656320563318407830293553669031262131825886223328827761042	0.0000000000000026677097856461086423306605666250894747979914447608648147424751017356822293317625	0.00000000000022968675933625520376633103815134525153285246959379177313944789124481681924310167	0.000000000000000019557701541784599381400593240572196105272656771408969045409404049165670557477823
26	1.3257113655901090906167116237468797073686628530746431390980895603225555179182196	0.0000000000000042996748997595718591198404532398922168383638727258514790402425381598949508594058	0.00000000000043756393553112501946209676525176382115150331397611199274794042341402872435691508	0.000000000000000038680285233153120322016992751374218729992129220162821627916168055573038262961269
27	1.5998587196060581478817336190603642195134616408119653263591200985837842236926029	0.0000000000000077293176265157618780484834547718240719518009382177707017317024403711341762171506	0.0000000000010147107680269591831399339161560979419338964470549103250989589873406049096103122	0.000000000000000094573407223846962720080974560680944366298481536174204816887468840154575422848746
28	1.9306977288832501670070747998401890352243827965414066462140160342784007428985121	0.000000000000015366902239796539401265995048775334186135578039076320031204877104911144388632621	0.0000000000025808313128548730459100690503009368401288547215878765863963241745754285538521672	0.00000000000000025235847300138869039327838371707406710718053407143935554008346949985275384481478
29	2.3299518105153720684494092859527478347273467268421426356625250004429227852366856	0.000000000000032992957242221831414819575700722192314008937971082487402124065572431188742838082	0.0000000000067161318964081201366484569916440898876547325864938369820297764496554642132289646	0.00000000000000068134253807670358233267534671311530243055572675302401333701278739631559271931722
30	2.8117686979742305345525812445227594539399232741198785187662220162015539415736466	0.000000000000074176328551429034341105431931138927052362165035696742632243109733004769757382656	0.000000000017280070774050026768993445687818649224425738752400190334612685281894744798845671	0.0000000000000018004023119455577485256557817980180344204944364847195908544810107318965466435834
31	3.3932217718953285682303058812689668575375126393154853246620000400041515194126803	0.0000000000001700742228891460456456978761610837663327792746616375688462555936647635808469782	0.00000000004337387021905418078015493788095854086024053776348956413050901060800772181179013	0.0000000000000046061750962649984263373264716132952496564914796601965062183180752994874400434325
32	4.0949150623804252172688515885272552185156378658124161798793975978986367661264694	0.00000000000039075755508957181153383107265258334087761806044333622282244279147684003644991447	0.00000000010584675906023784617473773866312403840184266631784710749141645753852194633956397	0.00000000000001139642726366840739994082806888746678229634718843206378609957647270084456770918
33	4.9417133613238344980734735821227832489434919727688105147757416971905238108606303	0.00000000000089078876388279170047874095987917406073485540881396990812210898424405209725674301	0.00000000025129726278156274387626532829703996977527621284860621384560511186366335483580901	0.000000000000027330972054152731056759943955604728776185034397304523628796215541429972733730921
34	5.9636233165946429970040215544374196658490464038351738025795745070676082535696356	0.0000000000020049107314459397529172410884189462271599444570849519733448370924596863410159224	0.00000000058162181321753052290480281416871740358310809236242566854766957867461538318356458	0.00000000000006373277393776823991878758333786212986383740632258533698511603759331495336922469
35	7.1968567300115201992878642496345693922298524210175791760133638728267835923711891	0.000000000004445198646868829434782241375117377581746213784693998614411641291394507057439611	0.0000000013151393513310452521596574943221471490044717481165307996909610039041697312869723	0.00000000000014492781734900150444679697820146527627050772215383237172034344480912803753845633
36	8.6851137375135262961930348246549792164798035775825177812987777845668968699807476	0.0000000000096987812137576042241025556972701253519050276897781197973168502178036647932845203	0.0000000029102848714571685142745358341671537301828938780547267521247583639840650461445246	0.00000000000032210426558257524078390547103431710763219912991296688589889709413121116209171014
37	10.481131341546857363409056581557875156048240575165396305880830512232768528674792	0.000000000020810244965280345859556511009693434742599894607923979759870729407947611652032583	0.0000000063095360732438556195052879354071774883090679389519484263397022870652760468679326	0.00000000000070067085499494243453729496168209297150309549358382261344561131522371599448976766
38	12.648552168552961096972707522111678651826997312432469589115356900830352698978727	0.000000000043872452750942596113445949876322381426294690918476137626549877690093519413464712	0.000000013405090254766768416084541540404060056170721643281105475745251886778485929124968	0.0000000000014925284958201202224752238734364924031123265407482977507393896522970541448342623
39	15.264179671752334521029332600933794006282153652653988477642818863722161314752497	0.000000000090746917548857093186995278783171745707231239854429464475607207466717935091153807	0.000000027889881354812581416419235607693586556323094977154089503313503300336557405287206	0.0000000000031116564401665317066502214009594643079814074351110795667961863223134863375038578
40	18.420699693267160388530177789422395807622920470012449505203533703572018869183133	0.00000000018372181440563673302075289669215036270729784445673620453232242989902310531428933	0.000000056716418090786163566854321577844848387468077844217689638199487227610184790759306	0.0000000000063380493411151154487166472976828937724392929370117010889383037278804982214725307
41	22.229964825261947539592626001799795797192860819997213241334602249960697687068685	0.00000000036269099526790647831616787705389676932576086712649492838626530736081207999251539	0.00000011234700200686717384263485382534051370752234868116990058705246178188380555409404	0.000000000012570676078355339394985389724887912705350776899177157808458363856720094017587438
42	26.826957952797257476988026806276250153538555723672234800423488895394838190867641	0.00000000069407421305858559243763232548426554889372984904834337536117647230627316761999759	0.00000021555077524934683382444801497877848496139178121938549941167948384264985983622005	0.00000000002414197023643423251618717398404822188281511398403482401462701815774849449107288
43	32.374575428176440200463507481019990365065674827041589898133544750303030188022709	0.0000000012757458882055253759640187282111788591727642282096338963001886863015212195976144	0.00000039694644456665178649730553688311585995053693413759475704891855362982868774359194	0.000000000044491189673128561865220212351360465691646953162817730749079329341710735357507399
44	39.069399370546169839961823792420583050475813108562302521690784873635809981411583	0.000000002218816437119311348389838628779031162615509288658896585458528343020860487167554	0.00000069127058859324881545326716635189689366536882168743152888725277710456431115805375	0.000000000077519190443060284109599608233655765275099608886977922113775841218760101201521614
45	47.148663634573936394285261590997635660214107438489150811938451854304556210704196	0.0000000035585267322315672433636626333984327316795127106970757534596340142155760647801065	0.0000011093739113258926056270740662715795863701502081755709262075501738819849918443021	0.0000000001244371531281558585410644114367239772853155636020739754464905294929105111789732
46	56.898660290182966838236581538659148147672461074100786049272154012203997307400899	0.0000000050084529951917966357333095116422778059529005239556514418592807230859821610282425	0.0000015610382470211190628385952965734113428753497694691214849003708578981638965330006	0.00000000017508421206147261752264679923075223609892627581366051646865114836252900851961121
47	68.664884500430011568928957050458235481636930305557967940049343998829725241548832	0.0000000055200400018473944144577368987261290056350551575892519522811127572398493995552142	0.0000017170378054803944056552887394668680303292038283714349815444604315627173251333256	0.00000000019242933866821917929028920567026246976825287398292986154550394319209235744859642
48	82.864277285468441819631542975493917246694418557306235203428554614321256969511117	0.0000000032590372336098283340082611472326853838426705037005389101567710251047286794388206	0.000001004408459356466551769886966262745966957444859217512710209773091994925113872226	0.00000000011217365020300625119691118631338372838001574557439506475407368754236102310183739
49	100.0	0.00000000006851498862320222394571764692466843087034070896754441075672483337459831811962984	0.000000021471630221942782846840438204440714414463500244789961388202746412798242074785886	0.000000000002613706243219346911860884067223604225599035318541068500230335397121854393612215
