	tb	Whl2l3	Whl1l3	Whl1l2
0	0.01	0.000000000000000000001305175413366305681012749044689030204732442402168276949681888308886927760173082	0.0000000000000000004085368218570702158949887794309076934482836102240890813407776872967066363364871	0.000000000000000000000049753964330304713489504444630280572623079115186135538464427135333804643594291634
1	0.013738237958832628959306640160922710114013528181478819177613092599958307411861814	0.00000000000000000000069291013044754726872257265053761558832580654341139481427046773777499970900577177	0.00000000000000000021693598728349155157888055216014688067250879623294676338396265645607227364661052	0.000000000000000000000026417497923085411698138813387360538302542069227168761217166104806983673744840198
2	0.018873918221350971931204631342434726742218968656826046851596965677581191347291115	0.00000000000000000000036756881192099917635347737615301341650302885820190068320656999150204602483790025	0.00000000000000000011509297232418930514543246390830397252190883148198617395073837487461412748304127	0.000000000000000000000014014802862165191264920966606747083911077672270376861172918002655189355635502561
3	0.025929437974046673951215012362738752356098537488479576683747404108015213145184266	0.00000000000000000000019489464202991440434754419411796274864229709328232755149879561733397351788122372	0.000000000000000000061030120469466002610293659706313763051356565448594523332947098542969473181943062	0.0000000000000000000000074313704450933342173241463944081661307660021975173609983133790922677675863139813
4	0.035622478902624423589596848124362646760208187556644854310565683345863025258945991	0.0000000000000000000001033100217595235287223510983232104625112150097797166343603375211635417724054242	0.000000000000000000032352540391629273311610931421418502876712568385480260105732996608487335652710505	0.0000000000000000000000039393496447281227452327861084235383164496677512489463538574488684800633806344198
5	0.048939009184774934951308495166382768440101385537673004792083951793588583641605928	0.000000000000000000000054753642670260379180277651809022989305400581178430553782960086541259363150721624	0.00000000000000000001714718956901664705152473885100773609515378221819981690707319755242029611777037	0.0000000000000000000000020878704830597575321138916114790207950542473804206563764814063152131829569234945
6	0.067233575364993368332206450845227735732121873270195970257640915340179069214693141	0.000000000000000000000029016083433585271125532995610625648630305328569094303307517491952722525426774605	0.0000000000000000000090871561166439587423744179348193692481965122531820780518575761256506990847545578	0.0000000000000000000000011064579892580214759593345455281349658402042577624891747008200487981418745984598
7	0.092367085718738621912641280458004821038467316871551007576137747161105114162590831	0.000000000000000000000015375737975709435745851647557253068813177393355966618392711543000827263730761214	0.0000000000000000000048153894308157345645346358245967699731326239020331721717300384417170538330052279	0.00000000000000000000000058632158519989803592873472079487789188622482288227353880658545513970825885336393
8	0.12689610031679221578970395628108583258419507408671325523457316446583446065123673	0.0000000000000000000000081473134096235444319176823686143672065601415495878375548660085646316796054514898	0.0000000000000000000025516090939305951687141048911190259575869154028457653123013366518250732595963121	0.00000000000000000000000031068259093748516336408083257995812924712230488447444876604090788081738235294942
9	0.17433288221999880117078795512374760016284128083952683619494148122160882999011503	0.0000000000000000000000043169827260638893407242884097340583452124026472201732644172147728797877648012849	0.00000000000000000000135201956535021369742884931112984489804254016539198312094380468902231735386918	0.00000000000000000000000016462075420100680019755253341850295353105442148234395390652376911897546818719421
10	0.23950266199874854432547785997084113252733184257230380782737663195513291327526143	0.0000000000000000000000022873759775491218428152582069201419423237434124238128895095795160462417984639186	0.00000000000000000000071637802805976137525638451964089563333172263939688032932225144347302918161741869	8.7225418547895066009902860462149213355630064543395234381955408303600683209851461e-26
11	0.32903445623126682523607134369212201097909084103455092925569743072476969011836073	0.0000000000000000000000012119611369678986052084539050239397397394703250963634837953431921683467051237858	0.00000000000000000000037957254116027635482953092414335221885848990132113310116980646125595257184409026	4.6216285911880504922788648359959770866836062377195688500273599944145389323080038e-26
12	0.45203536563602431417522135832625915658649537182493604573683842416465698556271242	0.00000000000000000000000064214835075773298763371672406285069941404995489481301935471377421755243493295022	0.00000000000000000000020111403844609657943584590982687862301658188689564338258621972993771479547720169	2.4487377464276596780240470064437436734818801488412257550728326030034326437364464e-26
13	0.62101694189156157812722630228819229975661586105626320239272156195051287742498604	0.0000000000000000000000003402347268314143111983815588277404354584893224771696226552715579961661156056533	0.00000000000000000000010655803828527899353541740023961392218924687144971014038570346587011610247332892	1.2974358164327984735552765073764879196707900600815735300517316082138377111035715e-26
14	0.85316785241728082825608060820294530715751716194991590081026278704584917856620063	0.00000000000000000000000018026820057705544576060516583183263210391910871315739249687800618600408267400652	0.000000000000000000000056458192558712002092938113945364901668187838614769357952682528551301417368668754	6.8742691121716552018135111029109946279724140033755352159439003020094691835663649e-27
15	1.1721022975334801790965447253122265554735479827991093099677316207244668635442309	9.5511822262865030769739986576960988878065457898372941052128597659583529246381764e-26	0.000000000000000000000029913345420100923957569512089078919420708921954202294369175111235671010676687698	3.6422062998590678122737066662552424185915708114757482567265413424205520091171459e-27
16	1.6102620275609393488501012398230948473103578666561734852776179305518737939847812	5.0604914181742522750114953134496104903960426243140851438505443956629723569674838e-26	0.000000000000000000000015848942792845955224516654019297816852126420178814464984613966745567123730655973	1.9297451165430422139624868818537475643708391959474761753207983868228697087715617e-27
17	2.2122162910704489916727329751434716389435985722791442906308234594477970470511248	2.681177589742752618255779353741024492988288267175313847485150273942079421596934e-26	0.0000000000000000000000083971643659566306206310437878691637385671234697380413782966237435192282308447416	1.0224274826527019589323297741465112133424561323166283437006954705099073584953525e-27
18	3.0391953823131974137696349371803063288044662534908382967664606460234330724345705	1.4205459610192615236252969419374550875633406231669377788947414490188511158237622e-26	0.0000000000000000000000044489906809885929765573909459360316411242450590244262586493367901767679987060056	5.4170356638499972337761239096233849898335001130134850587831463417621901957701003e-28
19	4.1753189365604012642502414497470009642797121713815425416076323801834927118566092	7.5262906881230561730422019126699004835421778921717814148919164715604919559433625e-27	0.0000000000000000000000023571428581985660494071990293538260284733627992526263054078075016430326234416188	2.8700311106061607448407630475975850083786466609969439383338373000957824126589793e-28
20	5.7361525104486790069155449911464680903262027517365598128824908404309662067405704	3.9875067966628356731138901816303274289295591985818514671380989747527828075332087e-27	0.00000000000000000000000124883340868986198443354225142542246732296053222971786339624407002711377167071	1.5205682595168211474566297682700163917818084091260527623633030364462514310463338e-28
21	7.8804628156699120238963939650959616422435469520830615419619134906715500088770656	2.1125882608365136306422515151112753085251667389245988948596843539385007165647786e-27	0.00000000000000000000000066163024287925037308625109255461816113902526597083962979348476286672348680092657	8.0559683428017724836901353866631949477900089864946742781801151176489065514131629e-29
22	10.826367338740544411827995675262436005031371380487483959158871306356671459556424	1.1192285587522778588324640160057676996419162373537313213265190667503877950538819e-27	0.00000000000000000000000035052232125541329849512883775262441578443632364786564299246936501762277795189005	4.2679511480697462309139271199971416934923129130027810976967661456462149371525746e-29
23	14.873521072935113812248709324062362464042979732199789914551044510409996351888189	5.9293864798895558467929995206588387816018756691772149341927758623082131601676941e-28	0.00000000000000000000000018569563452954665776693390254476321380927957169875651859993935694519636926822227	2.2610350745917999863669123115607603448588630546364807398325743460702826029045992e-29
24	20.433597178569419141866864955567337835025403986937927319136241947417341841092917	3.1411092890077301590321613621995224940808259302305352868492410505203855999304076e-28	9.8371240389673537287465034338981106568869895687111331826086723686000234544645036e-26	1.1977777298298721065054811547490851680934458146148698646479512636553110036523363e-29
25	28.072162039411770294649050521142882719381657537648977826621751978649099364585091	1.6639188373046763302743578561933883363445686128252820557952897363231368976787007e-28	5.2108411478330320737883762481688314166230504527525652277000695326289964912818647e-26	6.3448187427017514227295419700861314589072953539624821761566190692033587529689236e-30
26	38.566204211634716971828722171621921450773526016132459693675945886415091685960633	8.8134941295192436086082171268973922645102659739563952633564750059500728098555911e-29	2.760011445630359331443333026204315191628241465117903945544062240947292037651366e-26	3.3606755671282355269343581337775300380635624067626601660304599832957684503906515e-30
27	52.983169062837087241010494475895962312695181866772851224911213056749946581345585	4.66787071836234047843506704437950506716936148255394946871624515939770574911061e-29	1.4617187155477726645507754365627330996601460433014399317727980788991200645204593e-26	1.7798567093556800540458640865190468916142464405694132533282209636162932393506015e-30
28	72.789538439831508002216568650880149607903278294428831621169021730222263719965894	2.4718816191523451938802050726061797700796210080914286348943603356185747358838621e-29	7.74012953322744633600857154207781856016647676140015193211989428141762126506289e-27	9.4248897897498960306298398948655825862318838387189041821511311774865776961989649e-31
29	100.0	1.3087364501924567492322214555831827384060624915620548266275801160992783470530134e-29	4.0976908679700769976644153281351073073921780055874641431024347756037488259398924e-27	4.989708174639053874979095978378192036565727822428748151150732478834368689514862e-31
