	tb	Whl2l3	Whl1l3	Whl1l2
0	0.01	0.0000000000016287866088257665267202862057844565016211254664943372968979435390845710201949366	0.00000000051135168054718727443054512782806906928915581601003637762313155833774560474215142	0.000000000000060711906277377732138831817120881898134252254452792727671683213186637464168768415
1	0.012067926406393286370831703097648327681054619541514018611023822896171655598308043	0.0000000000011185824650540549807680690214993800096155078103201994640221432930524357357554506	0.00000000035142169812200567758000318950106510215687628541664184431794639595576567205277882	0.000000000000041722087748270301562897910721390540947539910545074476899807362381247081649698592
2	0.014563484775012437879551431015760647213295504088978407870255413479452815956562062	0.00000000000076837829546048512555241165128183363464358641907721682881996632067733604334381475	0.00000000024160319138189880614472324952821003302881353502226862389666488106746984527757364	0.000000000000028682413170261551982479559559036331556335289018750927213500597842901546610403021
3	0.01757510624854791881389007655886166993236741554122847989724604641788810811682431	0.00000000000052801312936402887534811061132946274250202589137760020410301728379965584404571493	0.00000000016619309113080543690637373760817462860481457968937260303462110995432246388090469	0.000000000000019728332396183113481429206883784099888897691435604306768285898098467903633984111
4	0.021209508879201907836396125355583367737575633496271870914196272329262573371491035	0.00000000000036304768020517026144416330958918131231598121943988657323171233687896317658566986	0.00000000011440880540153530233881521758965812867233891708051140388021413658966331268647463	0.000000000000013579542406537373756076977459324259749684375802975594991694132572689381960247508
5	0.025595479226995357855864723011921338642165937028782850254378699345568246061328799	0.00000000000024983721941340471242627318278064444339281338464853235089958412012890704361406308	0.000000000078846367469917092054697781594666033915446438173338441540561034479086742321793878	0.0000000000000093569111415841850580433776968515569680975086141630683940841117197190793533944014
6	0.030888435964774810024309268245631085834514206254223003826152793842376421873227427	0.00000000000017214848893217522190048880259707816044118435118716525095218578915666622202666851	0.000000000054421724959905682741821051080645804461492494784212572341622744877768770782093558	0.0000000000000064567684523536143134941202653484695606981097533911501408878708667797299648490839
7	0.037275937203149401661724906094730409920771828011093488533716004749210918776517449	0.00000000000011883681014938389584269776495190090860205459166831115127933131723887682952394868	0.000000000037643778322832920459412952977285085707606597902785084627829167750464621256899674	0.0000000000000044645882499277135130669295862538747138463964900956492487075202098264499901553213
8	0.044984326689694456873860736695528310503248313303876439272592381251367183021484705	0.000000000000082251165160291190439903177384981921021261485977039029715645879795863553212557139	0.000000000026115216387010797885317099126442164323196317596373875436477848101125961211285031	0.0000000000000030957187833986701532961877744674319015145451237150969647105415708755763000202486
9	0.054286754393238602676798984874106473943548354354393201062994322287812924626477909	0.000000000000057139135022800461641218220763972002043966803516286805669649724318439452442963172	0.000000000018189771132394142666915228748247142928570530571053218890807521870695813387495054	0.00000000000000215468579594615874955989725708581341320216512041477708789617128681915462118809
10	0.065512855685955088172143357749698516583371664973660732634356399760463201996438171	0.000000000000039895066411151697231699726714560544838877307927038572860254982469267186932543383	0.000000000012736881345223230268566248704250535519666496031402043541859379177778351203744712	0.0000000000000015072491756121597416580786557696866562226530215932546952228016402708191946304294
11	0.07906043210907699651382174822251403671463110229233250674563899965760001140583328	0.000000000000028043925240646486279120044574070836877620235114053512002205981130490979752907544	0.0000000000089801137304874163871571229752785780473212505483055903212783013284359601659899987	0.0000000000000010612174011728478247803131217048431404142960210532034928566298930695192327545736
12	0.095409547634999394893688456164751896398409448773263887051441348087380994586436429	0.000000000000019887002493292953348736093171433471917846872920142648654556449629137884232924715	0.0000000000063862365029176711277028424628371849757887662489067874326972547957120737867441763	0.00000000000000075327634350140820597140675955733403926876141206151126984312916623266411942315425
13	0.11513953993264473221636278961711728389157571711570068536670971304545183680728938	0.000000000000014258782970981603827688042579888270214724037108986463342914674820024147281111282	0.0000000000045890822492294719433770852739660366849481264506390503208520588490063076589569146	0.0000000000000005399488523099649362436012449453937553585400799967782280320058379478916999768461
14	0.13894954943731376371299852173530116221130467144910002049456286790316002424103166	0.000000000000010360180715834104908870266467646411073162379189972376795932837382322251678734908	0.0000000000033373090391105176660034194430575606138100405769947580058247578975563026889237088	0.0000000000000003913919391994472756495532560239901655818506233802340131133072604867764149731132
15	0.1676832936811008174846240909253982052052040628899561221902793429885852725089302	0.0000000000000076442564512425301634306306047223008860004682020967043152804286854290442270012828	0.0000000000024585816876768761755552737835105796017804705282428741679267499251987665199796646	0.00000000000000028714359963997836773127693465501608922792946192306866824232663904361219292627701
16	0.20235896477251570524918283587533641174105509975487521041540776577819665373568662	0.0000000000000057380210577643500051507596224352876979788248679631470465556178572393881384731855	0.0000000000018350358987928719373593551788626002717975161419373711870340918919785132331673628	0.00000000000000021320923461162309118006082592824538348143610763932152594506265030138026898404449
17	0.24420530945486510852869695103055876012793471774494561050860404041477764603058766	0.0000000000000043890644193336482097298043031082100373789259606172246691114264273620265848200306	0.0000000000013864906235371483731530163510556157215481813377252858927994537732205324510236152	0.00000000000000016006786072641297509362273418285516920022532179544299365686090927540610204461537
18	0.29470517025518107282748546338220559934440563519253123318971393973778043167440063	0.0000000000000034292676537973479950760993227150235319732413263284557746949352467823633520326302	0.0000000000010589674823335148512410407426192711378306094110907615124923190806924869207728159	0.00000000000000012130799587172785135588347888229032863812297095524679513737273233496971903836449
19	0.3556480306223128953961220246950504315163515207154931275609418679537334910030267	0.0000000000000027502758100868436874244879514949800087110410753430728747070618382519200101780721	0.00000000000081681992644859270180121966618977848471603723437607635824662320583375608818253984	0.000000000000000092691098235559572272627838216814708270223340645352916125599686479961143266366976
20	0.42919342601287779264020686601912186785362380472290566871760520861459025568030466	0.0000000000000022871184078104877362078899354303783748415583668902626752544202654828748173280732	0.00000000000063728716904387407060426247207122131902396480110688815586979219420867843192817107	0.000000000000000071500522987357947854703436649925834398729325218418622519014227307634003469377205
21	0.51794746792312111347551746779609533650207263865787583874128717424065541975733879	0.0000000000000020077332768483090056136130881342552268179565582552008389436599566044369306090786	0.00000000000050667652873916435292658568020344753396407912743083061188835173950198280534629492	0.000000000000000056078419917570273709841665684717313844374554008783723255851221901192806052307586
22	0.62505519252739729431882739394106655526183216675079429623473110409498837177134611	0.0000000000000019076748404404360747529162236296620303813868242854202277919077134448010233439434	0.00000000000041778726942874615444846253143586229011510912097556179762178023464191905297386013	0.00000000000000004549786939870045636748169020634619067981898798359605718409097743346672173083722
23	0.75431200633546173748017424375542429090041902022968630818799222597600684781103594	0.0000000000000020119102468055577327791956162054643815034616499234248823119566723622930807700573	0.00000000000036889320069434225466660687731249015721902762575863815040668604220724783030770749	0.000000000000000039392935732703178040407960106733574247343680344164409535604617689003765338383137
24	0.9102981779915218627386089038967164583031447484772863277743782422522914841134995	0.0000000000000023913512994507233353564572937855533683900761050400741425721393365628878514720053	0.00000000000036620096211071217214568629941288928354673885184444925822091277698048202048274584	0.000000000000000038141317531088793784137545670977368866007866106152460147047001922520057517625409
25	1.098541141987558259826656320563318407830293553669031262131825886223328827761042	0.0000000000000032151456055883996142271409959721128476072763222150637875275568120389156604656974	0.00000000000043555248640119650655488484784642247947642696678282136234552839449688026112750284	0.000000000000000044012833032650111372866431260260212112238067606648437184074790989563778623991293
26	1.3257113655901090906167116237468797073686628530746431390980895603225555179182196	0.0000000000000048907447546598552126328030214665324726282637996649267602769139986536272296681657	0.00000000000065828139262361305815112586592078547993307197134023634265296859622614465162262637	0.000000000000000064899268661685486464359597562654129077040006267323852490244792204689300269492193
27	1.5998587196060581478817336190603642195134616408119653263591200985837842236926029	0.0000000000000084142056584932632012891015796619011140865207547671962415393988383673243855370888	0.0000000000012672557227126106640188587036202414930725155904459346505842878070187567975858803	0.00000000000000012457231982165824659832290010726738546529540363356439010364335776273514432192664
28	1.9306977288832501670070747998401890352243827965414066462140160342784007428985121	0.000000000000016210030151288052180634257624916331764037760013772533555142588085227068359930282	0.0000000000028867314412945593932315382563218318050252355128539780937225006424526649850956613	0.00000000000000028869390957174648429963589867500015282455812218494485194152597655209211091579497
29	2.3299518105153720684494092859527478347273467268421426356625250004429227852366856	0.000000000000034082632414436239815279619802029827270557058090861991603276474599110597990191256	0.0000000000071045455312828686125143682579085432021635892391974618544258619613426714160225964	0.00000000000000072747719604886607196952812375771194839376668725671103288769661474481478965663224
30	2.8117686979742305345525812445227594539399232741198785187662220162015539415736466	0.000000000000075637828794526267265707936471940195152105569177878655029429355209166757008985862	0.000000000017791956826151482465066504246506243031392990493197177051433766612956470653219397	0.0000000000000018612001466198397511641456373806607921381166157029393349175232896848578742034707
31	3.3932217718953285682303058812689668575375126393154853246620000400041515194126803	0.00000000000017208818834880297969043668136630901891737450515981632386270095157626690420360512	0.000000000044067845554650453194257481353881830085724676945117481643211260082351030687528583	0.0000000000000046885968521221322544414172079393828642625886438821176048176935696972124245677705
32	4.0949150623804252172688515885272552185156378658124161798793975978986367661264694	0.0000000000003935863059741838246993231890959387042305506889981841430558496211318914149901843	0.00000000010680748090566066363242002140977076104061663559284987362086374096644859756738727	0.000000000000011510525840884425090565790819506947118508781788416432508214835550162939333072216
33	4.9417133613238344980734735821227832489434919727688105147757416971905238108606303	0.00000000000089481427750887543600490365748280007673591880447731779246165222218669142611437734	0.00000000025264753477763712280508620121110553861755006247824334644614525727977529920571815	0.000000000000027491330045138717892363543425188162392741325344647925011680563724892832033648811
34	5.9636233165946429970040215544374196658490464038351738025795745070676082535696356	0.0000000000020106896483105361122639303399204453639266871122343467496890326880321824304129583	0.00000000058354014618366215745503061365308084339946676894160760243808138989573419920233305	0.000000000000063960588897762028960337248199658603390012045733699190181042792921088177959410341
35	7.1968567300115201992878642496345693922298524210175791760133638728267835923711891	0.0000000000044535420604403742736729089588406383376280854567529277488407582051018777026461332	0.0000000013178854897519011279927808068192291640106206559013575874695340516606517500706695	0.00000000000014525393298909973755816792799858814713881133242727698981566922218252475791520274
36	8.6851137375135262961930348246549792164798035775825177812987777845668968699807476	0.0000000000097108704656431431456487943791614440276491213451645128335550282104000933436055853	0.0000000029142369356965841131896505585358181337379684870069489285633431914367774702584744	0.00000000000032257358233816468658917163904796564302173858493608872100849596772957291252697778
37	10.481131341546857363409056581557875156048240575165396305880830512232768528674792	0.000000000020827799706348176024244890730148958580153785520835521486254154665069994540586989	0.0000000063152446283872871123850872117097198673418983310979239809991026787498264879850477	0.00000000000070134875066975507960468395540817268970316203189830584048792991738196829322271141
38	12.648552168552961096972707522111678651826997312432469589115356900830352698978727	0.00000000004389797486720812145199894207233503656436345018685155636340333438081978523863699	0.000000013413357037306377069824700194607371596848879607282905225292443148699935649709135	0.0000000000014935101744419110810177010341350453212173186344062863542820277072751347675926038
39	15.264179671752334521029332600933794006282153652653988477642818863722161314752497	0.000000000090784045285903234650615269758141038063808302054361189467938944804353096537672399	0.000000027901873914268282898290507058490940214353032663639202725149193613830365264752941	0.0000000000031130805459170860415099070603481903913116885830012093579492920065812201486216251
40	18.420699693267160388530177789422395807622920470012449505203533703572018869183133	0.0000000001837758368533641237851435589041053773178535502978424283791359968448287826055407	0.000000056733836739168065727079175317143289909964114742692230366475081477970934081486603	0.0000000000063401177840913233643383408918865227772979577112821947862109544963095380842335411
41	22.229964825261947539592626001799795797192860819997213241334602249960697687068685	0.00000000036276960099820971553427651200103016697716490377461064816294884998614407968559713	0.00000011237232294952191564781708199620737753609647303438587710151017281644440511487361	0.000000000012573682907191515073922546858549138546432291873437217777924747234942151925811996
42	26.826957952797257476988026806276250153538555723672234800423488895394838190867641	0.00000000069418858265153079101754696140297770356069474246496501766402651047085966463663249	0.00000021558760466713122140849881810847793581861550660568717813340647503123216458280791	0.000000000024146343686486567422556871695296013504425509806123298645361067103617994034350474
43	32.374575428176440200463507481019990365065674827041589898133544750303030188022709	0.000000001275912296514595753209594342778107661169413714884971110928253621734855338264946	0.00000039700003429265277115202455298527613382978500996665792066244640676478911838349662	0.000000000044497553402975154092119759745816884674186464437793161526045823352754992795265976
44	39.069399370546169839961823792420583050475813108562302521690784873635809981411583	0.0000000022190586217744670933098141181316338665671812458723771873668730792635322506129363	0.00000069134858715413913313427064163676047796035839523603375762470889896665676843492357	0.000000000077528452715903022134762430690056745964909183574878841964472639509981782204922478
45	47.148663634573936394285261590997635660214107438489150811938451854304556210704196	0.0000000035588794374610093399015672967638377519375349236381749265516287373493744037373347	0.0000011094874578212418498707949950108811830003753509856524998726151693900157816998564	0.00000000012445063669064778642756765287413067586874929421318648629593941198114358817376562
46	56.898660290182966838236581538659148147672461074100786049272154012203997307400899	0.0000000050089673687558714571040782753653663252737050753858353069032012347663298174258374	0.0000015612035644482158726908058117416568708131031614681609420960527824753242656056378	0.00000000017510384329186271739348930712744097614942043698063424523660960521948067655966163
47	68.664884500430011568928957050458235481636930305557967940049343998829725241548832	0.0000000055207920179017692626392227185775863214787245631556201742286093157735242641116871	0.0000017172785217813933342964749079237584725827154647387754059306342370465214113735793	0.00000000019245792304047836667066737686900951215668805619583836974847065050296287353133774
48	82.864277285468441819631542975493917246694418557306235203428554614321256969511117	0.0000000032601412640482489315048887368944783609741447623038492557243706701009958916283369	0.0000010047589890886879128341249047050957784365776206620893018961527769648992975311767	0.00000000011221527345524481714704431201126426239634475220936343978456164598508279808169125
49	100.0	0.000000000070146529516534925009788576346472555050223938708708025552866628104122553135515296	0.000000021982102665386679687571171671834536854227145981290618798093087414901759775299968	0.0000000000026743186111798580746359401355993385544375540473877763390995526294790516924433268
