	tb	Whl2l3	Whl1l3	Whl1l2
0	0.01	1.3158087574162302929475353675042705997687869479592364436697433178757923610510019e-29	4.1221750409103912715229327348693817816185941933775170760800406179333459869278269e-27	5.0183947562017345744273056455045065214532987490851577406854594008504851784365165e-31
1	0.013738237958832628959306640160922710114013528181478819177613092599958307411861814	2.4815985852216323178749278251151773141582251161353462618628103053591166610476208e-29	7.7737694572530764876135778074994713708804400865820136541139390459158130968920109e-27	9.4643035950115740612515234030408551998921019066086475094117248956687174585763546e-31
2	0.018873918221350971931204631342434726742218968656826046851596965677581191347291115	4.6812223529856431234966411277195346484290303431807601915802744874388085670173462e-29	1.4663410222547726281720518131610600142410924423934981925241826905667976530321555e-26	1.7852723784346530929734906542385983703050033059925404479327264173257483833267908e-30
3	0.025929437974046673951215012362738752356098537488479576683747404108015213145184266	8.8318427191815951832174821812477041858761136353249843416272026369258066433356266e-29	2.766363687243465837232266823518309566993150162395025415489659783843648777372815e-26	3.3681180932626177096973987392064890666628882930733367650965524491003040763327855e-30
4	0.035622478902624423589596848124362646760208187556644854310565683345863025258945991	1.666441113163443833362134110606706425991331381522751046436095729811325531956354e-28	5.2195732116937942704224142530165912581059676768492199307129066529735160296187547e-26	6.3550495584328875338082777377315508181241363767809672680104523725830073659099955e-30
5	0.048939009184774934951308495166382768440101385537673004792083951793588583641605928	3.1445783486642885692297267182608335617486915917121234652141082590784287913620224e-28	9.8491338476282447103783773369276676015017816072544044338181220818455951373099302e-26	1.1991848443573463995756207346666111236006531982937695269071106817714268840610611e-29
6	0.067233575364993368332206450845227735732121873270195970257640915340179069214693141	5.9341624614578643549733076631956201233440465173688424367915019060081698718909679e-28	0.00000000000000000000000018586097796686788961727690008665662936544807132474239671030780130018938939796281	2.2629723007240375479792012797762404110111382310534744570471048548594062014153623e-29
7	0.092367085718738621912641280458004821038467316871551007576137747161105114162590831	1.1198873145991325528267858555863786486117313339950549508432505637721436939764879e-27	0.00000000000000000000000035075038108869523017983980947846355943466087274264045878125977092311701365592716	4.2706231831551145217602216985646809076440538459356122638678959646690832669119763e-29
8	0.12689610031679221578970395628108583258419507408671325523457316446583446065123673	2.1135000691551316359653663927991404690323107959813850152146134786085786962947371e-27	0.00000000000000000000000066194590892447431233608802160547704082817356746655030785273264891726804341374683	8.059666805283969568796900254982709368446502728754790772594875973019043785338571e-29
9	0.17433288221999880117078795512374760016284128083952683619494148122160882999011503	3.9887770767267027617744574338359718779735398225453212201445771061207062840789762e-27	0.0000000000000000000000012492731768683762888677702018643454354237357840969492733626100120119722515676087	1.5210835084941797882172893548681647274654127539397865548471605616511379806392015e-28
10	0.23950266199874854432547785997084113252733184257230380782737663195513291327526143	7.5280815066551766410491532763837260623816683681829402106582264796515259382867326e-27	0.0000000000000000000000023577628356539326843543259240364019745866017058386969193895960458960279152789742	2.8707574995344700606162481514365796105229113721738033403276051522144053780254079e-28
11	0.32903445623126682523607134369212201097909084103455092925569743072476969011836073	1.4208038318632231437828562438864605508217303096166112714633821151926864259199669e-26	0.0000000000000000000000044498834242005181223842006811231880405297195744012779260446389064641042028198303	5.4180816353278459329636149244873063042475006910756365008201441792000422350895262e-28
12	0.45203536563602431417522135832625915658649537182493604573683842416465698556271242	2.6815625694953071535523725555114940455086569630890049260768783355391291961353969e-26	0.0000000000000000000000083984971574141060101429194830204240713459371953540284793518756138845202109207376	1.0225836374858849583926629843320672240095787669637570000630387297519557765955077e-27
13	0.62101694189156157812722630228819229975661586105626320239272156195051287742498604	5.0610999435072864254240294480659104861818226027221047300560608687988544739300595e-26	0.0000000000000000000000158510494941734640574994848727487240469767849510566427660735510262232488557759	1.9299919455045396087696542522004602412672955378100088181338017261831405857829348e-27
14	0.85316785241728082825608060820294530715751716194991590081026278704584917856620063	9.5522247115282856472098740225032694231536568006587501425547976602452767153124573e-26	0.00000000000000000000002991695448104233344896428149398416151494732873694765427873540461966520115155655	3.6426291507532759666877393503491033263635862463550318087278163554997985869164911e-27
15	1.1721022975334801790965447253122265554735479827991093099677316207244668635442309	0.00000000000000000000000018028787636208925634533477763029475400621556331340926310915434725193981424911206	0.000000000000000000000056465004272064479749988600718072675457496227640431640486685381101144339820018593	6.8750671974174889043991728476720104325427853445680601150135100103579962394466684e-27
16	1.6102620275609393488501012398230948473103578666561734852776179305518737939847812	0.00000000000000000000000034027564018509739380824004011340713903204859705129600806771197751775176646994037	0.00000000000000000000010657220239800106827795713574837051949398458213457838182485481841135579701240031	1.2976017683161542196370962315751058130418261010302387806139490860398736145005979e-26
17	2.2122162910704489916727329751434716389435985722791442906308234594477970470511248	0.00000000000000000000000064224055447882939952907236438532237807824587044693795802284338461498200262613686	0.00000000000000000000020114595917137820310753283360798822818917598393155798205143601322589948958868996	2.4491117411586210024104176773756439184745603751462652755819553225859830929931169e-26
18	3.0391953823131974137696349371803063288044662534908382967664606460234330724345705	0.0000000000000000000000012121811440915774907223010676959236892864265488730842169681624018643321710412029	0.00000000000000000000037964870714624402756558146317217358999920731654007065510058630423719903055685347	4.6225209792600478018921100625657570983123520102478161959875505697322423529872788e-26
19	4.1753189365604012642502414497470009642797121713815425416076323801834927118566092	0.0000000000000000000000022879202416708931586687298472462894447239950865028607064495954514221629200139679	0.00000000000000000000071656645113185051565786483154725228024546139146418647521743071442649301101811629	8.7247494871686945411048081272962720122333174450322337551487160301898611016901216e-26
20	5.7361525104486790069155449911464680903262027517365598128824908404309662067405704	0.0000000000000000000000043183579730058524687911399467686880013208932862309172855588762051653896650969198	0.0000000000000000000013524956729978419989288748626963040303029289487950939872398023516206541047663802	0.00000000000000000000000016467653668520181508542803057859077985052933034842334566219844188465843558189115
21	7.8804628156699120238963939650959616422435469520830615419619134906715500088770656	0.0000000000000000000000081508298790320908463087208619702659100324424356463864520765799403839977654400828	0.0000000000000000000025528264888796438433099818736515370125523297221652154441322982641661014777099355	0.00000000000000000000000031082522532770128652370992628488360200637494374443036224269964621588691405825163
22	10.826367338740544411827995675262436005031371380487483959158871306356671459556424	0.000000000000000000000015384787963973897358687902089661316211658962500359242461814939133729951862647448	0.0000000000000000000048185225218448853401298428971795463751688959501672435837143869746355750898878637	0.00000000000000000000000058668866957233938068836273668239067925302563272848489569002100360126555968370207
23	14.873521072935113812248709324062362464042979732199789914551044510409996351888189	0.000000000000000000000029039455813633329445181800009092810061658288713782442972067726022653648099159034	0.0000000000000000000090952476082638411797332626104569289533895157150065653296082601395329071652179395	0.0000000000000000000000011074060184757857396301620987855458201223618481133333807594121645543762056330906
24	20.433597178569419141866864955567337835025403986937927319136241947417341841092917	0.000000000000000000000054814115776647890974908240845818774540236087961290642693666725753655532125904152	0.000000000000000000017168125349607277845236978054838599022393307411126203228849896293254537688087569	0.0000000000000000000000020903233995845753261591426603071904729078831582902114428868966567114047444637311
25	28.072162039411770294649050521142882719381657537648977826621751978649099364585091	0.00000000000000000000010346663949553936324384526257564775784545302866406909791054489181747527637546834	0.000000000000000000032406761719067884221755723847270174517663137177992753508107047727554245310641539	0.0000000000000000000000039457024370690955160662498115133330674931586342218064751285726371687579013151459
26	38.566204211634716971828722171621921450773526016132459693675945886415091685960633	0.00000000000000000000019530045466093151071721776223808124809344689136971261061438669290876942936175845	0.000000000000000000061170614913862342430265617764531441999305935200049040749223180439620058548193011	0.000000000000000000000007447831413087678538234789665229530306779662344639420557811765244739444615477605
27	52.983169062837087241010494475895962312695181866772851224911213056749946581345585	0.00000000000000000000036862050198608525322022451073527719313397973099402584493823964887495489794552787	0.00000000000000000011545707984057418451518109154776456686535890267866027638572378618342565346370677	0.000000000000000000000014057463670910928159782923550353059184414826378734198506085148462789638307520954
28	72.789538439831508002216568650880149607903278294428831621169021730222263719965894	0.00000000000000000000069563553699065829729486523393110890609168975705194680166952439499065801092041316	0.00000000000000000021787958918711703355960090844831004028787235766423363023218873599768458515479703	0.000000000000000000000026528056981395339059947164664186478489699684328510613667038419080376480168841234
29	100.0	0.0000000000000000000013122361800244038751009482638487666231047563473451233133997750518780167988673975	0.00000000000000000041098159703593712373219252891450645274567077148545728170894089437609138663553137	0.000000000000000000000050040419023855794766952454260732073097759718957602560255944234885293804354149449
