	tb	Whl2l3	Whl1l3	Whl1l2
0	0.01	1.3158087572558591928200161022001889294721488180151882316207469940832020175197853e-29	4.1221750405665029705559440205163857647238750076494368206711226214504879959977448e-27	5.0183947562029391014709895749525337063813222791978878757248114062015672575695844e-31
1	0.013738237958832628959306640160922710114013528181478819177613092599958307411861814	2.4815985850936241889842187825164404108704854382033911845391455035794538383896228e-29	7.7737694569098543289573077060516180442120914400533048315886487494185633118109978e-27	9.4643035950127761550317573564804575535812947193180877372502372612339573900297354e-31
2	0.018873918221350971931204631342434726742218968656826046851596965677581191347291115	4.6812223528693757808786364077646624481860879289077963915122966764371861215339463e-29	1.4663410222204970353024411811245306959475406579960204542001612121297153669421852e-26	1.7852723784347726393543501836083549227307215663933852739518354240404238185862528e-30
3	0.025929437974046673951215012362738752356098537488479576683747404108015213145184266	8.8318427190700469392102935353053058059087617162116151961598273893717680252636205e-29	2.7663636872092198945581158366748810664583418982024400979303810297839036537175207e-26	3.3681180932627361119092019306342700320968143616554752141004783595381148749402275e-30
4	0.035622478902624423589596848124362646760208187556644854310565683345863025258945991	1.6664411131524968822894542110689139353171174884902894376792392567674783176224207e-28	5.2195732116595606439598650395582855108369017887758370004353892870502794800097551e-26	6.3550495584330042049759307313409759538368514796936548696632821682311552077922557e-30
5	0.048939009184774934951308495166382768440101385537673004792083951793588583641605928	3.1445783486534370695986685953547966431182112653386773406562415705222613593963711e-28	9.8491338475940009147914853746308305240438340522787156047964708239585265961087706e-26	1.1991848443573578191717295477016384225815242747939941361885515152833051259620118e-29
6	0.067233575364993368332206450845227735732121873270195970257640915340179069214693141	5.9341624614470510093409651577353631677614995624961116437738298095720835824687164e-28	0.00000000000000000000000018586097796652499392782698614446149106271148667674407136084365274848142259695523	2.262972300724048623653959889426794708716387475097387187541036898538392761220177e-29
7	0.092367085718738621912641280458004821038467316871551007576137747161105114162590831	1.1198873145980509979585985354167955440126235866808432789603299373160373294998467e-27	0.00000000000000000000000035075038108835124636350212395478469886147135364333410670994367959210166671582594	4.2706231831551251272394769151988016319165297380365987564431930960397257845263131e-29
8	0.12689610031679221578970395628108583258419507408671325523457316446583446065123673	2.1135000691540453698257695855073496528022594005138569897042321527805404608845919e-27	0.00000000000000000000000066194590892412807020150310521364637758601568598445963739849478358911359620578973	8.0596668052839795372483209750380416513507730908160235188805172958354557584123354e-29
9	0.17433288221999880117078795512374760016284128083952683619494148122160882999011503	3.9887770767256047408122160803159359891466532848197913789284839160922977364780276e-27	0.0000000000000000000000012492731768680255807311934623414311652926272677120905481769748881120300375783097	1.5210835084941806989538039975701151414288845512851580510808882142291487668986207e-28
10	0.23950266199874854432547785997084113252733184257230380782737663195513291327526143	7.5280815066540541556179579766437004591168251366733525136220810279229580087350662e-27	0.0000000000000000000000023577628356535733291802520498052632113524714061605259810290479636628236955613583	2.8707574995344708539171507520338868870385039394907653635143514453863091004476682e-28
11	0.32903445623126682523607134369212201097909084103455092925569743072476969011836073	1.4208038318631060665866435786908243567754549398840765312341742434769683286671719e-26	0.0000000000000000000000044498834242001422067750409292930077243997673785363510233903514691945367224738641	5.4180816353278465611348500205239024660847808076620875734777441423454149563456673e-28
12	0.45203536563602431417522135832625915658649537182493604573683842416465698556271242	2.6815625694951807600635128258169035440147563151734136769266845096114653251400424e-26	0.0000000000000000000000083984971574136985888464535560021119823931211120548268619015139664150575028408224	1.0225836374858849963499655214633226687385492559941494541455778178700602718588945e-27
13	0.62101694189156157812722630228819229975661586105626320239272156195051287742498604	5.0610999435071422995145353146793541554266381307499369766892188623442210537209288e-26	0.000000000000000000000015851049494172996983687288312707991556211056619208920161071116834095187091041291	1.9299919455045396046666261256653134297410491849027227227810480120469892901372492e-27
14	0.85316785241728082825608060820294530715751716194991590081026278704584917856620063	9.5522247115281081292967845919902469506149124678652875895739456850889189639706642e-26	0.000000000000000000000029916954481041753887267563983051773860542489620542736069816753398595879094339354	3.6426291507532758800442728506781274593165371489788112873719175794355484763063874e-27
15	1.1721022975334801790965447253122265554735479827991093099677316207244668635442309	0.0000000000000000000000001802878763620868588996732167772609790610633917817697640182630250030791385570055	0.000000000000000000000056465004272063688916156100859783634556508682317065864520361181261657562206639225	6.8750671974174886323357635302519632782773691783609055265162757991409766290486939e-27
16	1.6102620275609393488501012398230948473103578666561734852776179305518737939847812	0.00000000000000000000000034027564018509385049355368901671172021445030827044531724646760548201035801012575	0.00000000000000000000010657220239799988241258001065258631130863396924004284400453623380109802789280732	1.297601768316154146880724714762119953486241213500392601206886312254678686009039e-26
17	2.2122162910704489916727329751434716389435985722791442906308234594477970470511248	0.00000000000000000000000064224055447882377792105526818668361243196428243705895915023001196759295782188558	0.00000000000000000000020114595917137628266875250845208854195447249712501337145773660114876312446804288	2.449111741158620812652101685301418442415282995235218573295426555557667245447197e-26
18	3.0391953823131974137696349371803063288044662534908382967664606460234330724345705	0.0000000000000000000000012121811440915681776734823105570817435496225517808453788428173267279012068268187	0.00000000000000000000037964870714624075091036460194510348568178333657216967345506394195798313898636083	4.6225209792600473068010197485624934549520275301547959891730568612166351333758355e-26
19	4.1753189365604012642502414497470009642797121713815425416076323801834927118566092	0.0000000000000000000000022879202416708774879382637618372876637745790603674089978921706684487902893396107	0.00000000000000000000071656645113184475928529705226003268803331576305021055450013361667432865638131341	8.7247494871686932486039411398197259985173894092258668729369978959704029394758426e-26
20	5.7361525104486790069155449911464680903262027517365598128824908404309662067405704	0.0000000000000000000000043183579730058263694419206678345164184541741426734123707540854106274394519522042	0.0000000000000000000013524956729978317697929885446906188922353889700257822860699335947447895269305731	0.00000000000000000000000016467653668520178147498567621220630201356457458521036862935489443600042567009809
21	7.8804628156699120238963939650959616422435469520830615419619134906715500088770656	0.0000000000000000000000081508298790320490375433231607484314867050915656266651946212699555223825440905736	0.0000000000000000000025528264888796257021459604758296920342641246440881867004172678360069354651861589	0.00000000000000000000000031082522532770119984488245709249932663634716191412293314911224923732898735269056
22	10.826367338740544411827995675262436005031371380487483959158871306356671459556424	0.000000000000000000000015384787963973835749401167854357845787645859771089170227745271085671651009361323	0.0000000000000000000048185225218448535999109997144666763085915611243541612186923249425703721511680139	0.00000000000000000000000058668866957233915988291728622781394811181592811176720497301753937629834993512545
23	14.873521072935113812248709324062362464042979732199789914551044510409996351888189	0.000000000000000000000029039455813633254208924650221992806313681878595136290716284737244789775719646939	0.0000000000000000000090952476082637870747043765588142471683303158151454303005486125462304912045113951	0.0000000000000000000000011074060184757851866148595482974193896414247167252994583944095037834141806074846
24	20.433597178569419141866864955567337835025403986937927319136241947417341841092917	0.000000000000000000000054814115776647844767565645599340003152676600742603600416509324957934940929114941	0.000000000000000000017168125349607189508878253644743780980698804438384662057982112592433278289775239	0.000000000000000000000002090323399584573973849601274960711031066453831693591191476106648927926842311692
25	28.072162039411770294649050521142882719381657537648977826621751978649099364585091	0.00000000000000000000010346663949553948816693774526465719500513600900568302103472840024865384921119377	0.0000000000000000000324067617190677498623455938027475327983606391021785638011212436333270260850993	0.0000000000000000000000039457024370690923258632839446995384997238183194190749986247375461404729472177844
26	38.566204211634716971828722171621921450773526016132459693675945886415091685960633	0.00000000000000000000019530045466093216466918459951333364542632861925184190688556422829477800845314962	0.000000000000000000061170614913862161836390124404074914869583043668682749132781148796804828891973151	0.0000000000000000000000074478314130876714448537277633116799070202811631968303103669402005882466808160084
27	52.983169062837087241010494475895962312695181866772851224911213056749946581345585	0.00000000000000000000036862050198608708789123749440817746344122795773492503717283834843174066744566905	0.00000000000000000011545707984057399497367193342315134447225512413910166098315148171786506728215934	0.000000000000000000000014057463670910914069767150062344116879125390280343156506101182187526444833325259
28	72.789538439831508002216568650880149607903278294428831621169021730222263719965894	0.00000000000000000000069563553699066158510143085677975724344322901017495502914798552859347170713696052	0.0000000000000000002178795891871169338495053316398112579513471309279690670338080932421487211282871	0.000000000000000000000026528056981395318057070172092434434399968188056142415424270030986787906408347796
29	100.0	0.0000000000000000000013122361800244038865503996621955841849191735659570381895928320381499649508363885	0.00000000000000000041098159703593712887060134704939844103611922819754672203330619343539021080068677	0.000000000000000000000050040419023855796016810726341674586954426650189425223035900736474479408838137441
