	tb	Whl2l3	Whl1l3	Whl1l2
0	0.01	9.8885010737315849707666668205494441178074353551363069163863290803103219960756096e-34	2.2776033912242436837911335846309001704601328486992359874456233870050492802653089e-38	1.4256953408283428277504569957924549750926824570280761760003433005019347197246281e-44
1	0.012067926406393286370831703097648327681054619541514018611023822896171655598308043	3.897584812685435550103055947969114732356457242539124907346832885849075090330777e-34	8.9772477353636191593486208118346616690847228206093016946048465363080677621196257e-39	5.6194244923509077155673247965555652840815597945955602756248019961887396699122218e-45
2	0.014563484775012437879551431015760647213295504088978407870255413479452815956562062	1.5633440363040027345546621015108454071874632058255598698703784440847254789046182e-34	3.6008265077477399259001018729963623809253967623810680641208552786914640930298373e-39	2.2539839934798557292499627074607131976927843630099890430309479258997563339606376e-45
3	0.01757510624854791881389007655886166993236741554122847989724604641788810811682431	6.3783910548882175149218238138171224907635501451631882370495020313352159815352864e-35	1.4691250968728280322425424521101776014867559436095488947471566796616597336667814e-39	9.1961788613497576652459876734328313553420595751431384014533811844489209548964063e-46
4	0.021209508879201907836396125355583367737575633496271870914196272329262573371491035	2.6451656213683497602013944344938635776573625556381732538885475858584727662251093e-35	6.0925696879667808380522633598069135572557119676476558820238851625639903916400768e-40	3.8137229387062989049726155287975101620398241156902149171176518432863091679881763e-46
5	0.025595479226995357855864723011921338642165937028782850254378699345568246061328799	1.1139637436275811003573871670296759867051985767458678521837823711358704999679986e-35	2.5657757244211242313080375990848184775874582097517042281950744307008407102052188e-40	1.6060805711228452829762602397963127417238903419875248040762272096735174759428068e-46
6	0.030888435964774810024309268245631085834514206254223003826152793842376421873227427	4.7586620880509280066818688157746649565799802038097253687403619037382747604980156e-36	1.0960553911561617876445175662763777326352405200941545232705180738057816189472338e-40	6.8609008624242000084197560146687099225333460269664725328858013986149165404849838e-47
7	0.037275937203149401661724906094730409920771828011093488533716004749210918776517449	2.0595237773057439779614631918654285601860839439267181047869484780916050540534681e-36	4.7436697498983599263912230945516035327605884803867610001157261773093507433214592e-41	2.9693616491060803372418425528331751973273481342705781724164607398736525837631791e-47
8	0.044984326689694456873860736695528310503248313303876439272592381251367183021484705	9.0191816172172292723605657626524914425807080196018216300521386726152465822020139e-37	2.0773743662913683049373471655748729153364031286924381983459913301729213423540662e-41	1.3003594816957554584977738861866288028645203130263614470176653667552858467482315e-47
9	0.054286754393238602676798984874106473943548354354393201062994322287812924626477909	3.9914918706094993482131349025960580499492979903161545605488571746837065651280933e-37	9.1935424414540700485608305096522046403846820825398747629826311742251961195265619e-42	5.7548176004000106694322131836127162227754065004124403222310279992186930156719226e-48
10	0.065512855685955088172143357749698516583371664973660732634356399760463201996438171	1.7829415846515597685126293549795292273323743253701880947164462665629777199953447e-37	4.1066222029660448613835244370755087571858342756524098124880140441828034892746275e-42	2.5705937966983668613722327372583792002568796077763701633398745346337735237008659e-48
11	0.07906043210907699651382174822251403671463110229233250674563899965760001140583328	8.029123318195352718066210112770052635435960297562227802601058249277661187957553e-38	1.8493357495213317352916847525419548364517129861959288142337373622816016547837576e-42	1.1576159687145792160774353846634409445506580464735836684747955908923598427976616e-48
12	0.095409547634999394893688456164751896398409448773263887051441348087380994586436429	3.641344400809549166143881004965681211978111122858584570169336767445462396049949e-38	8.3870531299087690682180967397995180687004265166421506373581819276739075634955007e-43	5.2499866281117260597986066592837288933049781797809497245925584166551487310509232e-49
13	0.11513953993264473221636278961711728389157571711570068536670971304545183680728938	1.6614772446325003043841764935813878081784823098790073035835891238052701496480992e-38	3.8268552540927616991229858106337758944950622995223080236149602438975329933698018e-43	2.395471051060007939338680845983946119600730014202587281230023018929251225258082e-49
14	0.13894954943731376371299852173530116221130467144910002049456286790316002424103166	7.6205655686092449865858066158164106616925456127390676867800130124078723040909061e-39	1.7552332759452269381198481670849891342903588517692858351998804501972402467243207e-43	1.0987119920721300943964805360329520695830620784342418019844256391503480018057273e-49
15	0.1676832936811008174846240909253982052052040628899561221902793429885852725089302	3.5107961927939322396921066430529880729624538412507304368022793369704431698037682e-39	8.0863635035649315898212732149897311773618011530051099608082383753979554234599547e-44	5.0617707644427460901926518054653614826756202519228742794878373655929414820126805e-50
16	0.20235896477251570524918283587533641174105509975487521041540776577819665373568662	1.6235187485077512693626442589773067846903447966563196110785412481263080581271236e-39	3.7394260780603866822181476035405034387092909151652722115282670569065435718572292e-44	2.3407468524058002161725598626919687924983140097624626711265182204149016995246059e-50
17	0.24420530945486510852869695103055876012793471774494561050860404041477764603058766	7.5316319418487287079731353879139630814532323250234366160758070272714476629176067e-40	1.7347493634188158226570002717640485891193610969217532144106224659128762638632944e-44	1.0858920358477867731951272411410579192755239400287200992743869869431347016463369e-50
18	0.29470517025518107282748546338220559934440563519253123318971393973778043167440063	3.5033481629393012151917749444664669136320020669927940914495790326663676436805974e-40	8.0692088050141573015773051819227513977556950178549395628173773242433842738683345e-45	5.0510477553498876693443427606726098994745812484556255985913632082694638229209379e-51
19	0.3556480306223128953961220246950504315163515207154931275609418679537334910030267	1.633254917318689179089647171420402098820744320169190299918342887502385439677662e-40	3.7618514087871940307429844193128301347476333079298679083681739284086996970250307e-45	2.3547947104735091423675670105073200291854031876179211659861859824816021152871763e-51
20	0.42919342601287779264020686601912186785362380472290566871760520861459025568030466	7.628568350517243756135716790629671737723616878900474228220403515065595882571905e-41	1.7570766895572436068384083042994721978071676671118721956026650543014698836389972e-45	1.0998752770430180679781988655332885618410724429596390800353460397200140755775327e-51
21	0.51794746792312111347551746779609533650207263865787583874128717424065541975733879	3.5687548725815691868841959293381005242744396618912841612465305944430512984531555e-41	8.2198598434700991029653343050534664040417098172097092161742208245113501760541479e-46	5.1453989074302752345698023951338543216899413798826643018033742726221491991825809e-52
22	0.62505519252739729431882739394106655526183216675079429623473110409498837177134611	1.6717147801657196381010436163885415104988773171254850765798738344742205507405868e-41	3.8504359470327522367918308435606383240593298186226476648588567271369340477860765e-46	2.4102791321274872218219371983031415848885379201704611203448449970689060169022322e-52
23	0.75431200633546173748017424375542429090041902022968630818799222597600684781103594	7.8394315063848961760424525544826430622392330461473513382852998129093025292474147e-42	1.8056448373771418685649085354324954634542539411936202813946712158612511591457232e-46	1.1303003498178104383583215066665043194157358497983160371229242607717504242411944e-52
24	0.9102981779915218627386089038967164583031447484772863277743782422522914841134995	3.6796314100576648784156067450866580388958226010288704546295884969292606748797287e-42	8.4752425432056911912686538111245103581937335516100167176660606662629187567954979e-47	5.3054185683873518815709954762038127826593252596350549047479750388428093174649156e-53
25	1.098541141987558259826656320563318407830293553669031262131825886223328827761042	1.7284420701149575971124655132000120693188057613449634167263785616454425854212208e-42	3.9810967386575355983997940297112967918585685078006183497143676393735121707961279e-47	2.4921776860468250489845420407498125689947585669832723835303619343304848807519501e-53
26	1.3257113655901090906167116237468797073686628530746431390980895603225555179182196	8.1241972109234087899759232305567709300084230442887687431658074631154228156262081e-43	1.8712356477781548417504634892482577047097708502366033048408348979729839249043587e-47	1.1714333089575529149812049476042435175201335910694442180138582058775456023540589e-53
27	1.5998587196060581478817336190603642195134616408119653263591200985837842236926029	3.8206281681132250329487800828696367961158160124061522521354656958226454036092641e-43	8.8000061888559326104067449947814242779255857228823472067475720609689732179356181e-48	5.5092292207612970393650756999328280640264814383268348856884422893080040236723991e-54
28	1.9306977288832501670070747998401890352243827965414066462140160342784007428985121	1.7975421457195548429426755743928866772389343611991370884254991832586175961810026e-43	4.1402593560425524400347830070819041220110521413330945765227765319340608165559837e-48	2.5921670421558858658170446041061479852526498500573376376087280237770329144350556e-54
29	2.3299518105153720684494092859527478347273467268421426356625250004429227852366856	8.4602104422690610770494245438203230156191802842751599493859993605294278529585888e-44	1.9486328165826353548607984869080972223268411448823132935301928888747433335996265e-48	1.2201298554058992444670523373542950790999065297479826209942416885779170954359064e-54
30	2.8117686979742305345525812445227594539399232741198785187662220162015539415736466	3.983035936522420495849269552194439101920341202756279449443402197783818803777353e-44	9.1741032994498030951878916935256498898849530842142415892733320651859640494840588e-49	5.745128171167880349213514257153403934078103666853538581711647848509085245319435e-55
31	3.3932217718953285682303058812689668575375126393154853246620000400041515194126803	1.8756680378397841537254719959946368002119277478265918249693412416360605754711602e-44	4.3202232312503355235912066437060935365108517440065499848342304537393607577774105e-49	2.7060240618881449223948749384888244684879058794746530780043642123873350859300691e-55
32	4.0949150623804252172688515885272552185156378658124161798793975978986367661264694	8.8346208103009656265354986047688282697847038675291940996517384707715800882597443e-45	2.0348823410418837208485720561612398259599638575288264473093924798176005370722717e-49	1.2749669382559411448174370502656129375141580015345156210809508532006653157900097e-55
33	4.9417133613238344980734735821227832489434919727688105147757416971905238108606303	4.1619289391146328992417496708684125237068662564591278910193806653526052621282064e-45	9.5862283145594548033202691859671417454875098890222373106428727502298440277833934e-50	6.0091242014876636073850625305663411902191965199760470322774100280208329742021603e-56
34	5.9636233165946429970040215544374196658490464038351738025795745070676082535696356	1.9609361787801190808046314272006662498896840253652966687924184332101616714978254e-45	4.5166773963659883425241151817538847759939780809078387868685407989579986795570874e-50	2.8333291535473516383293470791326295368824345822971729968280707504976688162695532e-56
35	7.1968567300115201992878642496345693922298524210175791760133638728267835923711891	9.2402500476800992222875422840643377809513418840029613427393282519103417746916987e-46	2.1283497174744125443468535066544789216433547849394067805732822281896766232894765e-50	1.3366463496199637185581584403689394018502921125722427323644340802058281909869116e-56
36	8.6851137375135262961930348246549792164798035775825177812987777845668968699807476	4.3545840409538362545568237224214757459153532302979142325621696290426239065589508e-46	1.0030238796788287343659430265116688559080385184556711444449582048483539409668658e-50	6.3108173707330484284712846151485641002281643208619347067967611845861513098801522e-57
37	10.481131341546857363409056581557875156048240575165396305880830512232768528674792	2.0523198439987685728771382946009460796088847190219083571047071022275442686489744e-46	4.7273463288512786467898467272499261085161371925596857375654202578642390386236739e-51	2.9834903586286142897974420820658297667578266559034373380647322049114484844736536e-57
38	12.648552168552961096972707522111678651826997312432469589115356900830352698978727	9.6732587689827962169084871834751909416124069795348944770155631352123303717379766e-47	2.2282122012617697797671263154169111307627557450817332114601885473617376607886807e-51	1.4136913153131503387017571407380681866138500331804818006759197362992995740104781e-57
39	15.264179671752334521029332600933794006282153652653988477642818863722161314752497	4.5595815088723029056593330284401644599097343122401573688067820835563114381695548e-47	1.0503289964346270010475533356922717423768944864674805999472409717504527925690065e-51	6.7264869967815971339659775209475799476791694106333044919277994358660935332498624e-58
40	18.420699693267160388530177789422395807622920470012449505203533703572018869183133	2.1493021620545407681571816699052129749038416282539862832891409146279081380430193e-47	4.9513339997997470229728322392894213990907543737602916807436741642079223241694535e-52	3.2255437168031545298680290597405194133885481025472440842633878962731100835533963e-58
41	22.229964825261947539592626001799795797192860819997213241334602249960697687068685	1.0131807138138366789629026511335763981009511179134078566950879356988794969536107e-47	2.3342506892037144055804297666136014004000245757188492975809217839050747905452373e-52	1.5697487045415961594964824250646587127199911850460103449131307374788942292586122e-58
42	26.826957952797257476988026806276250153538555723672234800423488895394838190867641	4.7762885853997459274787783670119668787003598165009506431229926694725196050133733e-48	1.1005354354307359542791072802189257395991446086279423985082915810333010895093589e-52	7.8540276484376322313329551153108789954522711635485129539468885449757553240296828e-59
43	32.374575428176440200463507481019990365065674827041589898133544750303030188022709	2.2516776238446553271327368609007517661238768466949858563951807614926046633229179e-48	5.1891735806530937877660241037079740526990571248830053759423783368854457014656969e-53	4.130306084650409762712659518333949313653900884390939622176233714976260287098409e-59
44	39.069399370546169839961823792420583050475813108562302521690784873635809981411583	1.0615297214471737012549581862574503494255198309905285032320962205038006512672647e-48	2.447043220722395101898059322025621171783183114618333532094689932884076719230727e-53	2.3568197761346651523646433481201393945792742890004982670275821611222872710471928e-59
45	47.148663634573936394285261590997635660214107438489150811938451854304556210704196	5.004574222645639233333140011509467399513292664706398836200515792557126379592356e-49	1.1541291273882247769302339684027900313429160089098490866546188323692856709887531e-53	1.5083403767757309883290932378859477243618701340545214769312394383188405162565975e-59
46	56.898660290182966838236581538659148147672461074100786049272154012203997307400899	2.3594475346332440009902990758844697017848936268636295230955397193289894679573208e-49	5.4446583420222345232348984294956240608594801206934365309667339409555683340630841e-54	1.0998105348358578168866080896179770172188708318263512757998233229431740900440757e-59
47	68.664884500430011568928957050458235481636930305557967940049343998829725241548832	1.1124010548734083759491470538314359845771915858526899456748003148503231002553847e-49	2.5695035868425463961623856955852337361826625351127187127497276237780137187099274e-54	9.0135350687473706914287700004667334332631222973469447921146766615095408170099569e-60
48	82.864277285468441819631542975493917246694418557306235203428554614321256969511117	5.2446989016194227597029963326013613086897921302754499794810267665904711940443615e-50	1.2133726464024187048398848553770735006350066748312968181056387965727784524437879e-54	8.0376514492578891905882294348248332079382131990800150269921822397782952671708199e-60
49	100.0	2.4727986950123821494970477200277418969210306187437641561073413068328777320679424e-50	5.7358060139853449067105055843580881601380358115366654508467524470609048988866769e-55	7.54989509497646277282988821916769399900981725832132308198737060942798441777479e-60
