	tb	Whl2l3	Whl1l3	Whl1l2
0	0.01	0.0000000000000000000013193204107356492859120368691249034589299027859374525816191455547889644310014505	0.00000000000000000041343378828261446063018196534459806274192368212384972377374865018692136464374546	0.000000000000000000000050327710388170832099769740028872462692786564311376615600248716607902332355455154
1	0.012067926406393286370831703097648327681054619541514018611023822896171655598308043	0.0000000000000000000009047296658167305382117518658262708512102311451415409024495918318661264927261884	0.0000000000000000002834753642617619671865076067570533386627443608583350051670337572234966082871122	0.000000000000000000000034509611242255521615770589030966787025118574470946094531791263727389228850590089
2	0.014563484775012437879551431015760647213295504088978407870255413479452815956562062	0.00000000000000000000062063489338929417215584942465260565818463674184414681993694669361524050953686357	0.00000000000000000019444149965232653399790414841867354417912801075776490619117113827275054954055474	0.000000000000000000000023671788510961697357237521388424614280529196873393098411314389625934270800970838
3	0.01757510624854791881389007655886166993236741554122847989724604641788810811682431	0.00000000000000000000042585394205752793346731318593383112760242110935958365032118929366440293222667421	0.0000000000000000001334077019878561042179059126514972004419713407570877090503651922848942804091407	0.000000000000000000000016241866208675721433548070903137141268211783767858035798560933005829652324490232
4	0.021209508879201907836396125355583367737575633496271870914196272329262573371491035	0.00000000000000000000029225556599590131731328275970331430897366621217660919579998867416177655491807019	0.000000000000000000091550052922046103417977155266581734512273588734684058805334328515477835480753645	0.000000000000000000000011146109678678497676528517266919444383732768525314290867756958031763336633522898
5	0.025595479226995357855864723011921338642165937028782850254378699345568246061328799	0.00000000000000000000020059568661845493128727519367225596919084896055457392820595217636538368765181679	0.000000000000000000062834608504538485425785610595384797998176690303428014273397320932924929229880934	0.0000000000000000000000076501676879364609772484664092376802852079440096044735365394013719080297159236858
6	0.030888435964774810024309268245631085834514206254223003826152793842376421873227427	0.00000000000000000000013769624533231304098178839004621457345078265978680411375676410935560806991767073	0.000000000000000000043130581260340018402205253116155105030507060501112659092698462063119239132245921	0.0000000000000000000000052512530235485163428448337825895681671832870444487617338135989138295830510980452
7	0.037275937203149401661724906094730409920771828011093488533716004749210918776517449	0.000000000000000000000094526495285997233327090002384264670446700586438830242964403875899431166321574339	0.000000000000000000029607784298223336526260190594571913401913514771747209284125248055627221677644557	0.0000000000000000000000036048553681479398826334454043327895249899901929137637358995954445754346191910454
8	0.044984326689694456873860736695528310503248313303876439272592381251367183021484705	0.000000000000000000000064894543392995679076937705062881646559023942677644091678283116841872161410313963	0.000000000000000000020326008673995709045038620228265959894901541341925078146773000838004997807729785	0.0000000000000000000000024747844663074213704937912860118717708873068815330352225847127179890401166146111
9	0.054286754393238602676798984874106473943548354354393201062994322287812924626477909	0.00000000000000000000004455334364427032012786718023899098530902917787651342645328383548646489654470025	0.000000000000000000013954607998974208908495518153311312097970571866487451271602417706185455839744227	0.0000000000000000000000016990475169715454578067506079725462672733756806156299271633225558822933018646796
10	0.065512855685955088172143357749698516583371664973660732634356399760463201996438171	0.00000000000000000000003058903366607289860003814450669501945555235447637453756320438839440478217734717	0.0000000000000000000095807147855890763296542223360536666336687495291152395865272063217151573856321446	0.0000000000000000000000011665083408112438189601900614705305125445171113784461885507706937044588647706771
11	0.07906043210907699651382174822251403671463110229233250674563899965760001140583328	0.000000000000000000000021002039182233447843243707025692865110761001878494894573545199830786941234669779	0.0000000000000000000065779340168327052778097122357581975307610714012780943276727801649981623826115341	0.00000000000000000000000080090512999779097078961661239582894834381997125333284160075944230819653338430245
12	0.095409547634999394893688456164751896398409448773263887051441348087380994586436429	0.000000000000000000000014419995469645673734444191914417970523092881104166111251860356870504182750194032	0.0000000000000000000045163740528423223217670009486640466994958771509592012744961610647303094118111804	0.00000000000000000000000054989878556767676969364344026346956681828729084006044677349111231650599438472479
13	0.11513953993264473221636278961711728389157571711570068536670971304545183680728938	0.0000000000000000000000099009075681264994251949403120898583256757257208817960226492694764040429263892091	0.0000000000000000000031009671976641750688514058732457440313487579495373458607491089449143333658798611	0.00000000000000000000000037756442204914104856995119191959948696882119666218167404626631650362379504696319
14	0.13894954943731376371299852173530116221130467144910002049456286790316002424103166	0.000000000000000000000006798135219515649282830611954405135501951782947172792609966970776696281278472128	0.0000000000000000000021291676962033853388318908175222410750848327611028203907401760381347320065469393	0.00000000000000000000000025924153846088262897108472214527946238826010389748965340238892744989706082050204
15	0.1676832936811008174846240909253982052052040628899561221902793429885852725089302	0.0000000000000000000000046677598002075383264268760526696403866558133105514614681820141185421081977087066	0.0000000000000000000014619310298643963188021265648609952162749934821815961478904741474314589523023072	0.00000000000000000000000017800093063349041922048184784560932179426443493385500038762270207533087311917638
16	0.20235896477251570524918283587533641174105509975487521041540776577819665373568662	0.000000000000000000000003205016999296337729444370102991421185297716618772440422931818374258080314567963	0.0000000000000000000010038004074580804001920775372986486381756942096928654909155995151374577205970834	0.00000000000000000000000012222028512144769699229896330549127809516118943619309044448762228607926939296175
17	0.24420530945486510852869695103055876012793471774494561050860404041477764603058766	0.0000000000000000000000022006689542134517402705071988372805296985841041461530515586331514287709220990211	0.00000000000000000000068924029595233752154053016400104794333550794459352471098792073795270543348825224	8.3920297606909095775171285278299937070794195548167335758222821733331318131256568e-26
18	0.29470517025518107282748546338220559934440563519253123318971393973778043167440063	0.0000000000000000000000015110581437696094946183017060377856481648367656597201763448324181502539998830859	0.00000000000000000000047325613398707884162752961508752236725473865319940751712571317317184022441558966	5.7622613258728791586164179788367351078760638600894141386840201433263112438321888e-26
19	0.3556480306223128953961220246950504315163515207154931275609418679537334910030267	0.0000000000000000000000010375507692791013743426574685407746851264661127324238274094557786022444720924531	0.0000000000000000000003249553910244887935066454691791576807020166281480602900348996740991805297495165	3.956586970431533013584745494285939033316825642085839977948973553277552310839688e-26
20	0.42919342601287779264020686601912186785362380472290566871760520861459025568030466	0.00000000000000000000000071242472483657569919145865124529091572985502138496351211556188836538119211424646	0.00000000000000000000022312736615827849310039549310308757186197378487019204286514525266691611874131389	2.7167521561147166406243259317640192039465220459078078994438719834896756852276667e-26
21	0.51794746792312111347551746779609533650207263865787583874128717424065541975733879	0.00000000000000000000000048918129776010254715817235472119193706258161740825081718067829404720748488204204	0.0000000000000000000001532086538321633116600457774159693792372396524462807630329442811496648229192023	1.8654372205120801234968976270742151334385868660981784360144042279666681735142777e-26
22	0.62505519252739729431882739394106655526183216675079429623473110409498837177134611	0.00000000000000000000000033589364263174310604422097341243733194773400659843236601939982615573003893715608	0.00000000000000000000010519980763346555056630644914956752434239029149505316771704467220828333015723887	1.2808916709236544377919339870685060263431027896013119371616964321059550463173185e-26
23	0.75431200633546173748017424375542429090041902022968630818799222597600684781103594	0.00000000000000000000000023064003160624664347368556980730284445959931743921203944880990548619736513293047	0.000000000000000000000072234997464421344505730235658074284549038524228588227630884183767922916273321112	8.7951893201688435017328451354279288546584307359597301987171991639633295585877298e-27
24	0.9102981779915218627386089038967164583031447484772863277743782422522914841134995	0.00000000000000000000000015836838416841870316765204043632471771132353668116575026198535370322989916809902	0.000000000000000000000049599964318430118125253186003257521599235704576752369346820302605281712626015289	6.0391933143972944716970721843581614141531642120509612790939998664477193776730159e-27
25	1.098541141987558259826656320563318407830293553669031262131825886223328827761042	0.00000000000000000000000010874345710071570336945092855748015897252469243949088325708665577461936121974896	0.000000000000000000000034057754409831641812816915738173606902464232274151241751521187214716741211292964	4.1468046646493082886566729559227969192528358963586225666990957566379869438651145e-27
26	1.3257113655901090906167116237468797073686628530746431390980895603225555179182196	7.4668707317040170889541010064933705365004913076981646157698335918507351891459405e-26	0.000000000000000000000023385765535101308941103053587245919022062281785178906671749511975654928624585202	2.8474042305571033934588671837355737457768065133492812869350911769171748594077898e-27
27	1.5998587196060581478817336190603642195134616408119653263591200985837842236926029	5.127137944197785714448739533469265496634531351229482801130397031735820710939683e-26	0.000000000000000000000016057877370975869113667688566380682583229719748251870290757691839462893481480155	1.9551748451340064609458235598877138313135717705743357442030720523039517438532148e-27
28	1.9306977288832501670070747998401890352243827965414066462140160342784007428985121	3.5205644648844232724394174917609932725349884555107658026848495487721474888682025e-26	0.000000000000000000000011026196054860314647406537888662208162946875515675862506128251109254898599887154	1.3425271104023934556981759772358681714593520191323340251397869304607666089285404e-27
29	2.3299518105153720684494092859527478347273467268421426356625250004429227852366856	2.4174117037995206026162579893832161513947026477443668082074277572801924241053302e-26	0.0000000000000000000000075711946464878662103569525989468710912816904779960049741515446088386846130396883	9.2185287085178163125022808916145820302112386171873075119685519570068595957381833e-28
30	2.8117686979742305345525812445227594539399232741198785187662220162015539415736466	1.6599311990507896468351802043556899127711181415066456305607312216653324010723209e-26	0.0000000000000000000000051988152193245316300894898849844976558389513756966011394828289067289064391439896	6.3299660507606299267753178855673090927938653324365951340508179854566206969348016e-28
31	3.3932217718953285682303058812689668575375126393154853246620000400041515194126803	1.1398058242282321871284434409698781407544412730622237888329143667440356356590132e-26	0.0000000000000000000000035698157977899972444111352266913287781030084694545718991082778139509936654012513	4.3465286665958580525485404611542460020738225164410877957414198952892308501670011e-28
32	4.0949150623804252172688515885272552185156378658124161798793975978986367661264694	7.8266008970075273078930744493742168912998338001857091370507596775426825000877622e-27	0.0000000000000000000000024512574486349324435438991303837542712398173821337852496811631499702438941457448	2.9845945648405314363231347882169613549469842760753992283940961432052167971126365e-28
33	4.9417133613238344980734735821227832489434919727688105147757416971905238108606303	5.3742431017287594608114058319091741136263101129419570944295886967381644266113294e-27	0.0000000000000000000000016831934719971254774093904527644840833740233829589699281410443793794773367699318	2.0494156767740280446064116515010982807326261215221656668508251775110554222139523e-28
34	5.9636233165946429970040215544374196658490464038351738025795745070676082535696356	3.6903160702748011975930862652936663612112628285360329774153008005474880182253048e-27	0.0000000000000000000000011557968651236360540587116498015846481695150024940691311172415050711340197246623	1.4072687166374789553133410024932145220859591969853366696383114568141566903677617e-28
35	7.1968567300115201992878642496345693922298524210175791760133638728267835923711891	2.534033602270758692355610587355530061054211673576814498040607707948087167755769e-27	0.00000000000000000000000079365508380026059367258012206313765877489655840839741452463569901587215842869841	9.6633279202122771594395687832572576872999104876042605128116551754045036790382643e-29
36	8.6851137375135262961930348246549792164798035775825177812987777845668968699807476	1.7400600035602507935334569502766185369625185476422393018549862493790813058065422e-27	0.00000000000000000000000054498614740764617695629264579485312064008997492828546081662598474148373730819784	6.6355914137703463142795506152272235895472719084108843715534093920963590892614224e-29
37	10.481131341546857363409056581557875156048240575165396305880830512232768528674792	1.1948674774357726910916039303570466562062215336779880183631395726639696118977203e-27	0.00000000000000000000000037423393800146564381104034750827961425648390196813852353087541116314425251333474	4.5565531078788208752511335322351902171751234286578545119779826869971802953853479e-29
38	12.648552168552961096972707522111678651826997312432469589115356900830352698978727	8.205020277612736532816868465244816691036263673218735776861813285024767342230838e-28	0.00000000000000000000000025698379629464047003507767026246541985919004397342603195605291727173672789676736	3.1289447902182254834964774481196187145195597587833855058018360202209721094388298e-29
39	15.264179671752334521029332600933794006282153652653988477642818863722161314752497	5.6343637189752601326786132084172529744843214173897801426276441987361426845374197e-28	0.00000000000000000000000017647133424965752826712887626300552650904233327849599465013860376498055081665673	2.1486465265547771861546396491409033165567651725113037748750345521953965373708492e-29
40	18.420699693267160388530177789422395807622920470012449505203533703572018869183133	3.8691582322467168108434683678697381753910200295921601219220249064704423600297503e-28	0.0000000000000000000000001211852211584198774137978095946236896226732417216581031301463959112257350452643	1.4754986270568120428614407204033702043454122929300329550069239387937516278289633e-29
41	22.229964825261947539592626001799795797192860819997213241334602249960697687068685	2.6570260662857762422871628727210557884281296464383200946814505671684988165480153e-28	8.322114169248804639477672903194513686810332419343329683298150719045190839732783e-26	1.0132597426853384491367819593872064297922049968564671039059834696936756693108151e-29
42	26.826957952797257476988026806276250153538555723672234800423488895394838190867641	1.8246704976038482341250354556075409282347134363733655248064422423187188833962373e-28	5.7151543431988788192235286221943320617775124703428557525105436676784630473461785e-26	6.9584511912512585201060163930379489218635656856747217693816280924267555771439275e-30
43	32.374575428176440200463507481019990365065674827041589898133544750303030188022709	1.2530959700653795764515966903393913217554848552980512429337430012884751518559869e-28	3.9249549731376760210471003424343435139046460794001857964998166974460064415417199e-26	4.7787710294111565362428575915973026749659077260370403593747258545381360704489328e-30
44	39.069399370546169839961823792420583050475813108562302521690784873635809981411583	8.6059300449281582419533749683604953704367807275981197436865180188516530894835439e-29	2.6956059417780067944300815845728259109503481734214009824272911315348767301561055e-26	3.2819664621157214077858261009780775589954460411082872651602665555840229006947466e-30
45	47.148663634573936394285261590997635660214107438489150811938451854304556210704196	5.9105477536173631123855207358231266066100535085754364956254282785500788149288653e-29	1.8513830336394697670394428981457054592825658428172007822549440725521216481363174e-26	2.2540797604874849952894398392328774674441279423625097948227500137387269737037587e-30
46	56.898660290182966838236581538659148147672461074100786049272154012203997307400899	4.0595467134225494563093626037715334697931359257901776911312560814389509715762214e-29	1.2716222189176284216067566312155746980748299662704923886636803449079949491610067e-26	1.5481933476448000681076259405272015959343362959741452915046752061346198547341945e-30
47	68.664884500430011568928957050458235481636930305557967940049343998829725241548832	2.7883766878863233886735939290558862759185662181659778741434364788989910324472661e-29	8.7346701354986299376146467890673329358038514808053861697857544569563062830405829e-27	1.063423313938038934402045637614011743193538243773859079660294659746586270918524e-30
48	82.864277285468441819631542975493917246694418557306235203428554614321256969511117	1.9153781526938831947476107913092616611958567706805530856491368079436057250991894e-29	6.0002188932415939300342940475561399729206898730653219770819286629875167846780823e-27	7.3049523932036804898619431928548709435286310647141366195363416389092160025891641e-31
49	100.0	1.315809479164336305532269633015656460452918805603629616545162861325733480085195e-29	4.1221775361516949916012444612581358970911988294764666652249858016596327952044316e-27	5.0183976291172430747826745591835378602934609337396477577628950934735004431941848e-31
