	tb	Whl2l3	Whl1l3	Whl1l2
0	0.01	0.0000000000000029740644918578401455028206244152562972912578236308896523490332895464251170150472	0.000000000000939577954975629894177243650349206005739078952801887196542728604153399102418974	0.0000000000000001060585291063535804803442029744993216064070099658369609792757363617984880731001
1	0.013738237958832628959306640160922710114013528181478819177613092599958307411861814	0.0000000000000030050841632275768957880990683503380306104546870760624787079946364809065078758684	0.00000000000095028799468388623160799113907808811672527548071677055837122437530128708404150653	0.0000000000000001073138118724186343457847823342231832738536216980953706858879096502750852855964
2	0.018873918221350971931204631342434726742218968656826046851596965677581191347291115	0.0000000000000030482852943555065170537930959797930208032508904890462093455013465853988791522882	0.0000000000009651861256587645246002523806900984761786122357763901215210383896101518743135014	0.00000000000000010906003665869465718833574616016140228283563759034147230777638008398723691641542
3	0.025929437974046673951215012362738752356098537488479576683747404108015213145184266	0.000000000000003108752376067978881860417639934558975771244921803098833997346364017783616350045	0.00000000000098600546614511730714802158042525877788130756832391430230192618516005728194325595	0.00000000000000011150042594529518959424790811784089478400031915505292519590594288760539503073076
4	0.035622478902624423589596848124362646760208187556644854310565683345863025258945991	0.0000000000000031939596096168279526069506655881926414160991413470840288637010829578210674552523	0.0000000000010152818819427927610213700637680165746447255564906884796365598450871676693208817	0.00000000000000011493237837545905092094866767220855246623341144445114720549414031489455217158229
5	0.048939009184774934951308495166382768440101385537673004792083951793588583641605928	0.0000000000000033151275111570659564954215404665135477284543666515295612722452713269856657146727	0.0000000000010568016130110787856632766490179117530709540469886757983861117748176558386754835	0.00000000000000011980001353826281589200966523585877394608155199272507139095121984718203091867968
6	0.067233575364993368332206450845227735732121873270195970257640915340179069214693141	0.0000000000000034895461488119928339651481357239688951447422075350850307144945947383693751575921	0.0000000000011163637947587012077396795713353185782085080818756187727922613372491247185425941	0.00000000000000012678368973051466618654593416024845880237396113151673524512544248466959831398632
7	0.092367085718738621912641280458004821038467316871551007576137747161105114162590831	0.0000000000000037447154804801774532523677514148756199908979014978206585604974207581630821067607	0.0000000000012031343754857709517787347822520758333469493529806180716645220107691683503958002	0.0000000000000001369589422425819328344745870852225543371517916467765663838496906403256677866558
8	0.12689610031679221578970395628108583258419507408671325523457316446583446065123673	0.0000000000000041260457187163076875089320561478366001059514796940466284073380446740855757565017	0.000000000001332159978078604069236509501270319443153188701446847522120958907466464832591096	0.00000000000000015209150672671116711387368971280711357724253060904509494858056002585482058628693
9	0.17433288221999880117078795512374760016284128083952683619494148122160882999011503	0.000000000000004711848104317017518868636328428229202852856631300720542051653371644265461715213	0.0000000000015292637491145419686953221236831285479450353322790986527542777847630321845455061	0.00000000000000017521153813944204579873835183326583075314031990334697440745210399125846838333779
10	0.23950266199874854432547785997084113252733184257230380782737663195513291327526143	0.0000000000000056439850130798100297761770093071668358720756329643554530238770382383229485880106	0.0000000000018410764722054749536673486811832824348734452533350121330777738521938917291636127	0.00000000000000021178888615072283912002536202309539042333238771373619502547876241971210583326664
11	0.32903445623126682523607134369212201097909084103455092925569743072476969011836073	0.0000000000000071939217600333047952785396981133456438077317625627044093180338487445660171919824	0.0000000000023567193078231745469489632017047212186501776246867422737909984093738506362123547	0.00000000000000027226942110262817136908865156601426880342667571148484596086147956513969987418755
12	0.45203536563602431417522135832625915658649537182493604573683842416465698556271242	0.0000000000000099132391312936466689155638066546764840671782794523824199700105226966206055201023	0.0000000000032573555333247447737994214719772471082107629400817772645343506809688182097960706	0.00000000000000037785836080519069217308411383124317921465680989560222423380496620896992925182663
13	0.62101694189156157812722630228819229975661586105626320239272156195051287742498604	0.0000000000000149969858353732721482124733995963758366879763305702085784151636192937320495667	0.0000000000049360207470012963752612962174030129114075219156924233387700781234010393730657272	0.00000000000000057446597214181027063515021531548794002791322258036561844581251847520100436715707
14	0.85316785241728082825608060820294530715751716194991590081026278704584917856620063	0.000000000000025212665122794986085616830948817698592251212171995137850586741115937332772472236	0.0000000000083039518861283159973543504645152292412293663196830903939113956994790267021422086	0.00000000000000096823696076299826140789836455009910539840220831623181524263330416167611749201669
15	1.1721022975334801790965447253122265554735479827991093099677316207244668635442309	0.000000000000047407753220454055953445640463192554776908023980747050394854858443821531132597544	0.000000000015615629975039938949970518768952150616268990010825448224134057912005800442808606	0.0000000000000018208862834668973337387383742904860665648109533985821401987946142576155380533687
16	1.6102620275609393488501012398230948473103578666561734852776179305518737939847812	0.000000000000099612639455731397427088891349830027943071992580497797857606952200280432303560081	0.000000000032796798710023343967278983433236480685948365912541637498884126505106211001403633	0.0000000000000038176828794102593252567682233287974336648540744117343843837779860658775981794804
17	2.2122162910704489916727329751434716389435985722791442906308234594477970470511248	0.00000000000023198268957719651800960931582306115591989224276206640953426061381956280553675365	0.000000000076274607984085536407169234929530838952873315456300764794775226935414198865328223	0.0000000000000088508116168683755078490278554030285868143033923151614133006685752098047392471469
18	3.0391953823131974137696349371803063288044662534908382967664606460234330724345705	0.00000000000059044292670119366163224351722265877873089775982444705918753615802889610828299133	0.00000000019362595556142508815865497858141778054750073797838911978574290338625537766854473	0.000000000000022379736486122533185693131954879876054898870551399159653690051611905659420381973
19	4.1753189365604012642502414497470009642797121713815425416076323801834927118566092	0.0000000000016139368097932223551060182808331246106197743739212062058030059983853897703234373	0.00000000052724884993148746957343806485511062753483697754408841809726560908471352012675677	0.000000000000060688868803706935046749532835898603070036125907552466917469644899851604454922985
20	5.7361525104486790069155449911464680903262027517365598128824908404309662067405704	0.0000000000046505893217914676950373365516164512172941627262995867725609712601237642219003635	0.0000000015123681686360618242542456039015564929329110769087366046329734020106679588014436	0.00000000000017340421790993610652132564081705691880446419370919197459935029968267009066890668
21	7.8804628156699120238963939650959616422435469520830615419619134906715500088770656	0.00000000001387174027924732614112171074905793369169820219397851790814848663911204145433128	0.0000000044898051099575710428181727539486314468235551803458175969766073634207672409279807	0.00000000000051304406492160964671695487840452705850932291433073228146293688370771005921449181
22	10.826367338740544411827995675262436005031371380487483959158871306356671459556424	0.000000000042082755979861481675818093383992094343253518099361672239214953461894401370729778	0.00000001356067046332132992244276071769320576018762968373527896141617926025956842403639	0.0000000000015452215471852698447100834462081283368203370666025816300412626551915818889852443
23	14.873521072935113812248709324062362464042979732199789914551044510409996351888189	0.00000000012752000693663231418827327119066167170622412607745604336650218338622247797911904	0.000000040935137694540539378916297245605243257657230591516606510173417967221867074112374	0.0000000000046541798254324547382791541726296386986289161070983323768454489228453165931126751
24	20.433597178569419141866864955567337835025403986937927319136241947417341841092917	0.00000000037792641430355902581060243521927110854788216137789027635861542862117839491066216	0.0000001209437801968405292154811813999003773884798961546504603244620281946397600651502	0.000000000013727756906027751976862246729682384313260947795436679131202016686075485442997646
25	28.072162039411770294649050521142882719381657537648977826621751978649099364585091	0.0000000010639384059109706640939186160478656964636338600503571149911883254456676250400523	0.00000033969256191700935888831406030629411019083066079116702671360490580752748793302275	0.000000000038510324594703165621522194905145594256947665407621792767680297808212244992254187
26	38.566204211634716971828722171621921450773526016132459693675945886415091685960633	0.0000000027085759501168816489554909262168595558810637831172630851328073588409179386344138	0.00000086349260447509543924617934101860685200547217697376849559628724634392592272965783	0.000000000097818142902283806901208605080784314632270408902408560088083504085095058346977312
27	52.983169062837087241010494475895962312695181866772851224911213056749946581345585	0.0000000056167859698488401826313918066777902921641601404176509088955000420677650922554577	0.0000017898513222781292901611627021586488159403390602051970970626062022560467083830937	0.00000000020271390011206698743063862269523450425476034795146542116899045262680613244263608
28	72.789538439831508002216568650880149607903278294428831621169021730222263719965894	0.000000006884981677887500607816334384677990711724753187954314030212301074671353808972631	0.0000021986781405219717879537144873745570357424757694223321839612171011789305540044366	0.00000000024928642087324404353252025886136705186298268094974281328472245940545065559793456
29	100.0	0.000000000067709297586549888535415748868255890521180052926394396234570267763300149697636583	0.000000021192701788603317487165312483529242521384283721171081830401871546924394375893396	0.0000000000025810259928053753125973673761691349850911781679919549602246239510902703164026499
